z[1]=13.709677	
{0, 13.709677},
zero=0.000000
z[3]=13.696775	
{0.062500, 13.696775},
zero=0.000000
z[3]=13.696775	
{0.062500, 13.696775},
zero=0.000000
z[4]=13.714043	
{0.093750, 13.714043},
zero=0.000000
z[5]=13.736671	
{0.125000, 13.736671},
zero=0.000000
z[6]=13.759025	
{0.156250, 13.759025},
zero=0.000000
z[7]=13.776722	
{0.187500, 13.776722},
zero=0.000000
z[8]=13.786495	
{0.218750, 13.786495},
zero=0.000000
z[9]=13.785918	
{0.250000, 13.785918},
zero=0.000000
z[10]=13.773224	
{0.281250, 13.773224},
zero=0.000000
z[11]=13.747155	
{0.312500, 13.747155},
zero=0.000000
z[12]=13.706860	
{0.343750, 13.706860},
zero=0.000000
z[13]=13.651814	
{0.375000, 13.651814},
zero=0.000000
z[14]=13.581772	
{0.406250, 13.581772},
zero=0.000000
z[15]=13.496752	
{0.437500, 13.496752},
zero=0.000000
z[16]=13.397038	
{0.468750, 13.397038},
zero=0.000000
z[17]=13.283216	
{0.500000, 13.283216},
zero=0.000000
z[18]=13.156234	
{0.531250, 13.156234},
zero=0.000000
z[19]=13.017500	
{0.562500, 13.017500},
zero=0.000000
z[20]=12.869023	
{0.593750, 12.869023},
zero=0.000000
z[21]=12.713608	
{0.625000, 12.713608},
zero=0.000000
z[22]=12.555135	
{0.656250, 12.555135},
zero=0.000000
z[23]=12.398933	
{0.687500, 12.398933},
zero=0.000000
z[24]=12.252319	
{0.718750, 12.252319},
zero=0.000000
z[25]=12.125363	
{0.750000, 12.125363},
zero=0.000000
z[26]=12.032036	
{0.781250, 12.032036},
zero=0.000000
z[27]=11.992067	
{0.812500, 11.992067},
zero=0.000000
z[28]=12.034295	
{0.843750, 12.034295},
zero=0.000000
z[29]=12.203974	
{0.875000, 12.203974},
zero=0.000000
z[30]=12.583686	
{0.906250, 12.583686},
zero=0.000000
z[31]=13.387380	
{0.937500, 13.387380},
zero=0.000000
m=-1.000000	R0=3.000000
result=11.992067	radius=27
