z[1]=58.452326	
{0, 58.452326},
zero=0.000000
z[3]=57.499740	
{0.062500, 57.499740},
zero=0.000000
z[3]=57.499740	
{0.062500, 57.499740},
zero=0.000000
z[4]=56.911140	
{0.093750, 56.911140},
zero=0.000000
z[5]=56.276932	
{0.125000, 56.276932},
zero=0.000000
z[6]=55.582130	
{0.156250, 55.582130},
zero=0.000000
z[7]=54.817460	
{0.187500, 54.817460},
zero=0.000000
z[8]=53.977387	
{0.218750, 53.977387},
zero=0.000000
z[9]=53.058552	
{0.250000, 53.058552},
zero=0.000000
z[10]=52.058837	
{0.281250, 52.058837},
zero=0.000000
z[11]=50.976847	
{0.312500, 50.976847},
zero=0.000000
z[12]=49.811615	
{0.343750, 49.811615},
zero=0.000000
z[13]=48.562446	
{0.375000, 48.562446},
zero=0.000000
z[14]=47.228831	
{0.406250, 47.228831},
zero=0.000000
z[15]=45.810389	
{0.437500, 45.810389},
zero=0.000000
z[16]=44.306852	
{0.468750, 44.306852},
zero=0.000000
z[17]=42.718058	
{0.500000, 42.718058},
zero=0.000000
z[18]=41.043973	
{0.531250, 41.043973},
zero=0.000000
z[19]=39.284748	
{0.562500, 39.284748},
zero=0.000000
z[20]=37.440830	
{0.593750, 37.440830},
zero=0.000000
z[21]=35.513185	
{0.625000, 35.513185},
zero=0.000000
z[22]=33.503690	
{0.656250, 33.503690},
zero=0.000000
z[23]=31.415876	
{0.687500, 31.415876},
zero=0.000000
z[24]=29.256271	
{0.718750, 29.256271},
zero=0.000000
z[25]=27.036894	
{0.750000, 27.036894},
zero=0.000000
z[26]=24.779897	
{0.781250, 24.779897},
zero=0.000000
z[27]=22.526357	
{0.812500, 22.526357},
zero=0.000000
z[28]=20.353435	
{0.843750, 20.353435},
zero=0.000000
z[29]=18.410092	
{0.875000, 18.410092},
zero=0.000000
z[30]=17.002972	
{0.906250, 17.002972},
zero=0.000000
z[31]=16.889160	
{0.937500, 16.889160},
zero=0.000000
m=1.000000	R0=6.200000
result=16.889160	radius=31
