z[1]=13.707845	
{0, 13.707845},
zero=0.000000
z[3]=13.697033	
{0.062500, 13.697033},
zero=0.000000
z[3]=13.697033	
{0.062500, 13.697033},
zero=0.000000
z[4]=13.714179	
{0.093750, 13.714179},
zero=0.000000
z[5]=13.736677	
{0.125000, 13.736677},
zero=0.000000
z[6]=13.758943	
{0.156250, 13.758943},
zero=0.000000
z[7]=13.776589	
{0.187500, 13.776589},
zero=0.000000
z[8]=13.786339	
{0.218750, 13.786339},
zero=0.000000
z[9]=13.785761	
{0.250000, 13.785761},
zero=0.000000
z[10]=13.773082	
{0.281250, 13.773082},
zero=0.000000
z[11]=13.747039	
{0.312500, 13.747039},
zero=0.000000
z[12]=13.706777	
{0.343750, 13.706777},
zero=0.000000
z[13]=13.651765	
{0.375000, 13.651765},
zero=0.000000
z[14]=13.581757	
{0.406250, 13.581757},
zero=0.000000
z[15]=13.496767	
{0.437500, 13.496767},
zero=0.000000
z[16]=13.397074	
{0.468750, 13.397074},
zero=0.000000
z[17]=13.283258	
{0.500000, 13.283258},
zero=0.000000
z[18]=13.156263	
{0.531250, 13.156263},
zero=0.000000
z[19]=13.017488	
{0.562500, 13.017488},
zero=0.000000
z[20]=12.868931	
{0.593750, 12.868931},
zero=0.000000
z[21]=12.713384	
{0.625000, 12.713384},
zero=0.000000
z[22]=12.554709	
{0.656250, 12.554709},
zero=0.000000
z[23]=12.398213	
{0.687500, 12.398213},
zero=0.000000
z[24]=12.251180	
{0.718750, 12.251180},
zero=0.000000
z[25]=12.123639	
{0.750000, 12.123639},
zero=0.000000
z[26]=12.029502	
{0.781250, 12.029502},
zero=0.000000
z[27]=11.988407	
{0.812500, 11.988407},
zero=0.000000
z[28]=12.029031	
{0.843750, 12.029031},
zero=0.000000
z[29]=12.196268	
{0.875000, 12.196268},
zero=0.000000
z[30]=12.571559	
{0.906250, 12.571559},
zero=0.000000
z[31]=13.362915	
{0.937500, 13.362915},
zero=0.000000
m=-1.000000	R0=3.000000
result=11.988407	radius=27
