z[1]=18.925003	
{0, 18.925003},
zero=0.000000
z[3]=18.560535	
{0.062500, 18.560535},
zero=0.000000
z[3]=18.560535	
{0.062500, 18.560535},
zero=0.000000
z[4]=18.356048	
{0.093750, 18.356048},
zero=0.000000
z[5]=18.153405	
{0.125000, 18.153405},
zero=0.000000
z[6]=17.947516	
{0.156250, 17.947516},
zero=0.000000
z[7]=17.734559	
{0.187500, 17.734559},
zero=0.000000
z[8]=17.511819	
{0.218750, 17.511819},
zero=0.000000
z[9]=17.277378	
{0.250000, 17.277378},
zero=0.000000
z[10]=17.029897	
{0.281250, 17.029897},
zero=0.000000
z[11]=16.768487	
{0.312500, 16.768487},
zero=0.000000
z[12]=16.492614	
{0.343750, 16.492614},
zero=0.000000
z[13]=16.202052	
{0.375000, 16.202052},
zero=0.000000
z[14]=15.896862	
{0.406250, 15.896862},
zero=0.000000
z[15]=15.577405	
{0.437500, 15.577405},
zero=0.000000
z[16]=15.244382	
{0.468750, 15.244382},
zero=0.000000
z[17]=14.898903	
{0.500000, 14.898903},
zero=0.000000
z[18]=14.542598	
{0.531250, 14.542598},
zero=0.000000
z[19]=14.177772	
{0.562500, 14.177772},
zero=0.000000
z[20]=13.807609	
{0.593750, 13.807609},
zero=0.000000
z[21]=13.436458	
{0.625000, 13.436458},
zero=0.000000
z[22]=13.070200	
{0.656250, 13.070200},
zero=0.000000
z[23]=12.716739	
{0.687500, 12.716739},
zero=0.000000
z[24]=12.386648	
{0.718750, 12.386648},
zero=0.000000
z[25]=12.094033	
{0.750000, 12.094033},
zero=0.000000
z[26]=11.857730	
{0.781250, 11.857730},
zero=0.000000
z[27]=11.703115	
{0.812500, 11.703115},
zero=0.000000
z[28]=11.665290	
{0.843750, 11.665290},
zero=0.000000
z[29]=11.796204	
{0.875000, 11.796204},
zero=0.000000
z[30]=12.186086	
{0.906250, 12.186086},
zero=0.000000
z[31]=13.060851	
{0.937500, 13.060851},
zero=0.000000
m=1.000000	R0=3.000000
result=11.665290	radius=28
