z[1]=18.902124	
{0, 18.902124},
zero=0.000000
z[3]=18.515491	
{0.062500, 18.515491},
zero=0.000000
z[3]=18.515491	
{0.062500, 18.515491},
zero=0.000000
z[4]=18.311301	
{0.093750, 18.311301},
zero=0.000000
z[5]=18.107985	
{0.125000, 18.107985},
zero=0.000000
z[6]=17.900557	
{0.156250, 17.900557},
zero=0.000000
z[7]=17.685423	
{0.187500, 17.685423},
zero=0.000000
z[8]=17.460047	
{0.218750, 17.460047},
zero=0.000000
z[9]=17.222646	
{0.250000, 17.222646},
zero=0.000000
z[10]=16.971990	
{0.281250, 16.971990},
zero=0.000000
z[11]=16.707272	
{0.312500, 16.707272},
zero=0.000000
z[12]=16.428033	
{0.343750, 16.428033},
zero=0.000000
z[13]=16.134112	
{0.375000, 16.134112},
zero=0.000000
z[14]=15.825640	
{0.406250, 15.825640},
zero=0.000000
z[15]=15.503052	
{0.437500, 15.503052},
zero=0.000000
z[16]=15.167140	
{0.468750, 15.167140},
zero=0.000000
z[17]=14.819128	
{0.500000, 14.819128},
zero=0.000000
z[18]=14.460792	
{0.531250, 14.460792},
zero=0.000000
z[19]=14.094622	
{0.562500, 14.094622},
zero=0.000000
z[20]=13.724049	
{0.593750, 13.724049},
zero=0.000000
z[21]=13.353741	
{0.625000, 13.353741},
zero=0.000000
z[22]=12.989994	
{0.656250, 12.989994},
zero=0.000000
z[23]=12.641251	
{0.687500, 12.641251},
zero=0.000000
z[24]=12.318789	
{0.718750, 12.318789},
zero=0.000000
z[25]=12.037637	
{0.750000, 12.037637},
zero=0.000000
z[26]=11.817881	
{0.781250, 11.817881},
zero=0.000000
z[27]=11.686671	
{0.812500, 11.686671},
zero=0.000000
z[28]=11.681912	
{0.843750, 11.681912},
zero=0.000000
z[29]=11.860846	
{0.875000, 11.860846},
zero=0.000000
z[30]=12.326841	
{0.906250, 12.326841},
zero=0.000000
z[31]=13.355157	
{0.937500, 13.355157},
zero=0.000000
m=1.000000	R0=3.000000
result=11.681912	radius=28
