z[1]=55.012656	
{0, 55.012656},
zero=0.000000
z[3]=54.097991	
{0.062500, 54.097991},
zero=0.000000
z[3]=54.097991	
{0.062500, 54.097991},
zero=0.000000
z[4]=53.537765	
{0.093750, 53.537765},
zero=0.000000
z[5]=52.936489	
{0.125000, 52.936489},
zero=0.000000
z[6]=52.279937	
{0.156250, 52.279937},
zero=0.000000
z[7]=51.559180	
{0.187500, 51.559180},
zero=0.000000
z[8]=50.768829	
{0.218750, 50.768829},
zero=0.000000
z[9]=49.905585	
{0.250000, 49.905585},
zero=0.000000
z[10]=48.967358	
{0.281250, 48.967358},
zero=0.000000
z[11]=47.952769	
{0.312500, 47.952769},
zero=0.000000
z[12]=46.860863	
{0.343750, 46.860863},
zero=0.000000
z[13]=45.690958	
{0.375000, 45.690958},
zero=0.000000
z[14]=44.442553	
{0.406250, 44.442553},
zero=0.000000
z[15]=43.115284	
{0.437500, 43.115284},
zero=0.000000
z[16]=41.708899	
{0.468750, 41.708899},
zero=0.000000
z[17]=40.223261	
{0.500000, 40.223261},
zero=0.000000
z[18]=38.658375	
{0.531250, 38.658375},
zero=0.000000
z[19]=37.014451	
{0.562500, 37.014451},
zero=0.000000
z[20]=35.292033	
{0.593750, 35.292033},
zero=0.000000
z[21]=33.492236	
{0.625000, 33.492236},
zero=0.000000
z[22]=31.617172	
{0.656250, 31.617172},
zero=0.000000
z[23]=29.670724	
{0.687500, 29.670724},
zero=0.000000
z[24]=27.659948	
{0.718750, 27.659948},
zero=0.000000
z[25]=25.597602	
{0.750000, 25.597602},
zero=0.000000
z[26]=23.506803	
{0.781250, 23.506803},
zero=0.000000
z[27]=21.429703	
{0.812500, 21.429703},
zero=0.000000
z[28]=19.444194	
{0.843750, 19.444194},
zero=0.000000
z[29]=17.698312	
{0.875000, 17.698312},
zero=0.000000
z[30]=16.492339	
{0.906250, 16.492339},
zero=0.000000
z[31]=16.561541	
{0.937500, 16.561541},
zero=0.000000
m=1.000000	R0=6.000000
result=16.492339	radius=30
