z[1]=49.722105	
{0, 49.722105},
zero=0.000000
z[3]=49.716333	
{0.031250, 49.716333},
zero=0.000000
z[3]=49.716333	
{0.031250, 49.716333},
zero=0.000000
z[4]=49.736666	
{0.046875, 49.736666},
zero=0.000000
z[5]=49.762360	
{0.062500, 49.762360},
zero=0.000000
z[6]=49.786951	
{0.078125, 49.786951},
zero=0.000000
z[7]=49.805539	
{0.093750, 49.805539},
zero=0.000000
z[8]=49.814477	
{0.109375, 49.814477},
zero=0.000000
z[9]=49.811024	
{0.125000, 49.811024},
zero=0.000000
z[10]=49.793121	
{0.140625, 49.793121},
zero=0.000000
z[11]=49.759220	
{0.156250, 49.759220},
zero=0.000000
z[12]=49.708153	
{0.171875, 49.708153},
zero=0.000000
z[13]=49.639038	
{0.187500, 49.639038},
zero=0.000000
z[14]=49.551203	
{0.203125, 49.551203},
zero=0.000000
z[15]=49.444134	
{0.218750, 49.444134},
zero=0.000000
z[16]=49.317429	
{0.234375, 49.317429},
zero=0.000000
z[17]=49.170772	
{0.250000, 49.170772},
zero=0.000000
z[18]=49.003911	
{0.265625, 49.003911},
zero=0.000000
z[19]=48.816641	
{0.281250, 48.816641},
zero=0.000000
z[20]=48.608796	
{0.296875, 48.608796},
zero=0.000000
z[21]=48.380236	
{0.312500, 48.380236},
zero=0.000000
z[22]=48.130844	
{0.328125, 48.130844},
zero=0.000000
z[23]=47.860522	
{0.343750, 47.860522},
zero=0.000000
z[24]=47.569184	
{0.359375, 47.569184},
zero=0.000000
z[25]=47.256759	
{0.375000, 47.256759},
zero=0.000000
z[26]=46.923182	
{0.390625, 46.923182},
zero=0.000000
z[27]=46.568401	
{0.406250, 46.568401},
zero=0.000000
z[28]=46.192368	
{0.421875, 46.192368},
zero=0.000000
z[29]=45.795042	
{0.437500, 45.795042},
zero=0.000000
z[30]=45.376391	
{0.453125, 45.376391},
zero=0.000000
z[31]=44.936386	
{0.468750, 44.936386},
zero=0.000000
z[32]=44.475006	
{0.484375, 44.475006},
zero=0.000000
z[33]=43.992238	
{0.500000, 43.992238},
zero=0.000000
z[34]=43.488074	
{0.515625, 43.488074},
zero=0.000000
z[35]=42.962519	
{0.531250, 42.962519},
zero=0.000000
z[36]=42.415589	
{0.546875, 42.415589},
zero=0.000000
z[37]=41.847315	
{0.562500, 41.847315},
zero=0.000000
z[38]=41.257750	
{0.578125, 41.257750},
zero=0.000000
z[39]=40.646973	
{0.593750, 40.646973},
zero=0.000000
z[40]=40.015098	
{0.609375, 40.015098},
zero=0.000000
z[41]=39.362292	
{0.625000, 39.362292},
zero=0.000000
z[42]=38.688783	
{0.640625, 38.688783},
zero=0.000000
z[43]=37.994893	
{0.656250, 37.994893},
zero=0.000000
z[44]=37.281063	
{0.671875, 37.281063},
zero=0.000000
z[45]=36.547900	
{0.687500, 36.547900},
zero=0.000000
z[46]=35.796235	
{0.703125, 35.796235},
zero=0.000000
z[47]=35.027203	
{0.718750, 35.027203},
zero=0.000000
z[48]=34.242354	
{0.734375, 34.242354},
zero=0.000000
z[49]=33.443799	
{0.750000, 33.443799},
zero=0.000000
z[50]=32.634411	
{0.765625, 32.634411},
zero=0.000000
z[51]=31.818099	
{0.781250, 31.818099},
zero=0.000000
z[52]=31.000174	
{0.796875, 31.000174},
zero=0.000000
z[53]=30.187848	
{0.812500, 30.187848},
zero=0.000000
z[54]=29.390918	
{0.828125, 29.390918},
zero=0.000000
z[55]=28.622686	
{0.843750, 28.622686},
zero=0.000000
z[56]=27.901248	
{0.859375, 27.901248},
zero=0.000000
z[57]=27.251296	
{0.875000, 27.251296},
zero=0.000000
z[58]=26.706772	
{0.890625, 26.706772},
zero=0.000000
z[59]=26.315058	
{0.906250, 26.315058},
zero=0.000000
z[60]=26.144431	
{0.921875, 26.144431},
zero=0.000000
z[61]=26.300154	
{0.937500, 26.300154},
zero=0.000000
z[62]=26.970672	
{0.953125, 26.970672},
zero=0.000000
z[63]=28.639264	
{0.968750, 28.639264},
zero=0.000000
m=-1.000000	R0=6.200000
result=26.144431	radius=60
