z[1]=29.454466	
{0, 29.454466},
zero=0.000000
z[3]=29.453742	
{0.031250, 29.453742},
zero=0.000000
z[3]=29.453742	
{0.031250, 29.453742},
zero=0.000000
z[4]=29.473157	
{0.046875, 29.473157},
zero=0.000000
z[5]=29.500253	
{0.062500, 29.500253},
zero=0.000000
z[6]=29.531237	
{0.078125, 29.531237},
zero=0.000000
z[7]=29.563185	
{0.093750, 29.563185},
zero=0.000000
z[8]=29.593849	
{0.109375, 29.593849},
zero=0.000000
z[9]=29.621459	
{0.125000, 29.621459},
zero=0.000000
z[10]=29.644606	
{0.140625, 29.644606},
zero=0.000000
z[11]=29.662163	
{0.156250, 29.662163},
zero=0.000000
z[12]=29.673232	
{0.171875, 29.673232},
zero=0.000000
z[13]=29.677095	
{0.187500, 29.677095},
zero=0.000000
z[14]=29.673184	
{0.203125, 29.673184},
zero=0.000000
z[15]=29.661043	
{0.218750, 29.661043},
zero=0.000000
z[16]=29.640312	
{0.234375, 29.640312},
zero=0.000000
z[17]=29.610701	
{0.250000, 29.610701},
zero=0.000000
z[18]=29.571978	
{0.265625, 29.571978},
zero=0.000000
z[19]=29.523954	
{0.281250, 29.523954},
zero=0.000000
z[20]=29.466476	
{0.296875, 29.466476},
zero=0.000000
z[21]=29.399418	
{0.312500, 29.399418},
zero=0.000000
z[22]=29.322679	
{0.328125, 29.322679},
zero=0.000000
z[23]=29.236172	
{0.343750, 29.236172},
zero=0.000000
z[24]=29.139829	
{0.359375, 29.139829},
zero=0.000000
z[25]=29.033593	
{0.375000, 29.033593},
zero=0.000000
z[26]=28.917418	
{0.390625, 28.917418},
zero=0.000000
z[27]=28.791268	
{0.406250, 28.791268},
zero=0.000000
z[28]=28.655117	
{0.421875, 28.655117},
zero=0.000000
z[29]=28.508951	
{0.437500, 28.508951},
zero=0.000000
z[30]=28.352761	
{0.453125, 28.352761},
zero=0.000000
z[31]=28.186554	
{0.468750, 28.186554},
zero=0.000000
z[32]=28.010347	
{0.484375, 28.010347},
zero=0.000000
z[33]=27.824169	
{0.500000, 27.824169},
zero=0.000000
z[34]=27.628069	
{0.515625, 27.628069},
zero=0.000000
z[35]=27.422116	
{0.531250, 27.422116},
zero=0.000000
z[36]=27.206400	
{0.546875, 27.206400},
zero=0.000000
z[37]=26.981046	
{0.562500, 26.981046},
zero=0.000000
z[38]=26.746212	
{0.578125, 26.746212},
zero=0.000000
z[39]=26.502107	
{0.593750, 26.502107},
zero=0.000000
z[40]=26.248994	
{0.609375, 26.248994},
zero=0.000000
z[41]=25.987210	
{0.625000, 25.987210},
zero=0.000000
z[42]=25.717183	
{0.640625, 25.717183},
zero=0.000000
z[43]=25.439456	
{0.656250, 25.439456},
zero=0.000000
z[44]=25.154710	
{0.671875, 25.154710},
zero=0.000000
z[45]=24.863806	
{0.687500, 24.863806},
zero=0.000000
z[46]=24.567830	
{0.703125, 24.567830},
zero=0.000000
z[47]=24.268143	
{0.718750, 24.268143},
zero=0.000000
z[48]=23.966456	
{0.734375, 23.966456},
zero=0.000000
z[49]=23.664919	
{0.750000, 23.664919},
zero=0.000000
z[50]=23.366227	
{0.765625, 23.366227},
zero=0.000000
z[51]=23.073763	
{0.781250, 23.073763},
zero=0.000000
z[52]=22.791773	
{0.796875, 22.791773},
zero=0.000000
z[53]=22.525592	
{0.812500, 22.525592},
zero=0.000000
z[54]=22.281936	
{0.828125, 22.281936},
zero=0.000000
z[55]=22.069298	
{0.843750, 22.069298},
zero=0.000000
z[56]=21.898485	
{0.859375, 21.898485},
zero=0.000000
z[57]=21.783413	
{0.875000, 21.783413},
zero=0.000000
z[58]=21.742350	
{0.890625, 21.742350},
zero=0.000000
z[59]=21.800079	
{0.906250, 21.800079},
zero=0.000000
z[60]=21.992158	
{0.921875, 21.992158},
zero=0.000000
z[61]=22.374779	
{0.937500, 22.374779},
zero=0.000000
z[62]=23.053585	
{0.953125, 23.053585},
zero=0.000000
z[63]=24.310505	
{0.968750, 24.310505},
zero=0.000000
m=-1.000000	R0=4.500000
result=21.742350	radius=58
