z[1]=20.206459	
{0, 20.206459},
zero=0.000000
z[5]=20.181531	
{0.062500, 20.181531},
zero=0.000000
z[5]=20.181531	
{0.062500, 20.181531},
zero=0.000000
z[6]=20.184467	
{0.078125, 20.184467},
zero=0.000000
z[7]=20.188607	
{0.093750, 20.188607},
zero=0.000000
z[8]=20.192379	
{0.109375, 20.192379},
zero=0.000000
z[9]=20.194479	
{0.125000, 20.194479},
zero=0.000000
z[10]=20.193821	
{0.140625, 20.193821},
zero=0.000000
z[11]=20.189502	
{0.156250, 20.189502},
zero=0.000000
z[12]=20.180773	
{0.171875, 20.180773},
zero=0.000000
z[13]=20.167012	
{0.187500, 20.167012},
zero=0.000000
z[14]=20.147707	
{0.203125, 20.147707},
zero=0.000000
z[15]=20.122433	
{0.218750, 20.122433},
zero=0.000000
z[16]=20.090846	
{0.234375, 20.090846},
zero=0.000000
z[17]=20.052662	
{0.250000, 20.052662},
zero=0.000000
z[18]=20.007646	
{0.265625, 20.007646},
zero=0.000000
z[19]=19.955607	
{0.281250, 19.955607},
zero=0.000000
z[20]=19.896390	
{0.296875, 19.896390},
zero=0.000000
z[21]=19.829865	
{0.312500, 19.829865},
zero=0.000000
z[22]=19.755927	
{0.328125, 19.755927},
zero=0.000000
z[23]=19.674489	
{0.343750, 19.674489},
zero=0.000000
z[24]=19.585482	
{0.359375, 19.585482},
zero=0.000000
z[25]=19.488851	
{0.375000, 19.488851},
zero=0.000000
z[26]=19.384552	
{0.390625, 19.384552},
zero=0.000000
z[27]=19.272555	
{0.406250, 19.272555},
zero=0.000000
z[28]=19.152841	
{0.421875, 19.152841},
zero=0.000000
z[29]=19.025401	
{0.437500, 19.025401},
zero=0.000000
z[30]=18.890239	
{0.453125, 18.890239},
zero=0.000000
z[31]=18.747373	
{0.468750, 18.747373},
zero=0.000000
z[32]=18.596833	
{0.484375, 18.596833},
zero=0.000000
z[33]=18.438666	
{0.500000, 18.438666},
zero=0.000000
z[34]=18.272940	
{0.515625, 18.272940},
zero=0.000000
z[35]=18.099744	
{0.531250, 18.099744},
zero=0.000000
z[36]=17.919194	
{0.546875, 17.919194},
zero=0.000000
z[37]=17.731439	
{0.562500, 17.731439},
zero=0.000000
z[38]=17.536667	
{0.578125, 17.536667},
zero=0.000000
z[39]=17.335116	
{0.593750, 17.335116},
zero=0.000000
z[40]=17.127081	
{0.609375, 17.127081},
zero=0.000000
z[41]=16.912928	
{0.625000, 16.912928},
zero=0.000000
z[42]=16.693114	
{0.640625, 16.693114},
zero=0.000000
z[43]=16.468202	
{0.656250, 16.468202},
zero=0.000000
z[44]=16.238889	
{0.671875, 16.238889},
zero=0.000000
z[45]=16.006036	
{0.687500, 16.006036},
zero=0.000000
z[46]=15.770704	
{0.703125, 15.770704},
zero=0.000000
z[47]=15.534207	
{0.718750, 15.534207},
zero=0.000000
z[48]=15.298164	
{0.734375, 15.298164},
zero=0.000000
z[49]=15.064582	
{0.750000, 15.064582},
zero=0.000000
z[50]=14.835940	
{0.765625, 14.835940},
zero=0.000000
z[51]=14.615316	
{0.781250, 14.615316},
zero=0.000000
z[52]=14.406540	
{0.796875, 14.406540},
zero=0.000000
z[53]=14.214390	
{0.812500, 14.214390},
zero=0.000000
z[54]=14.044869	
{0.828125, 14.044869},
zero=0.000000
z[55]=13.905586	
{0.843750, 13.905586},
zero=0.000000
z[56]=13.806315	
{0.859375, 13.806315},
zero=0.000000
z[57]=13.759900	
{0.875000, 13.759900},
zero=0.000000
z[58]=13.783855	
{0.890625, 13.783855},
zero=0.000000
z[59]=13.903610	
{0.906250, 13.903610},
zero=0.000000
z[60]=14.160381	
{0.921875, 14.160381},
zero=0.000000
z[61]=14.636054	
{0.937500, 14.636054},
zero=0.000000
z[62]=15.581512	
{0.953125, 15.581512},
zero=0.000000
m=-1.000000	R0=4.000000
result=13.759900	radius=57
