z[1]=17.649047	
{0, 17.649047},
zero=0.000000
z[7]=17.595349	
{0.093750, 17.595349},
zero=0.000000
z[7]=17.595349	
{0.093750, 17.595349},
zero=0.000000
z[8]=17.585717	
{0.109375, 17.585717},
zero=0.000000
z[9]=17.574139	
{0.125000, 17.574139},
zero=0.000000
z[10]=17.559628	
{0.140625, 17.559628},
zero=0.000000
z[11]=17.541348	
{0.156250, 17.541348},
zero=0.000000
z[12]=17.518591	
{0.171875, 17.518591},
zero=0.000000
z[13]=17.490765	
{0.187500, 17.490765},
zero=0.000000
z[14]=17.457374	
{0.203125, 17.457374},
zero=0.000000
z[15]=17.418008	
{0.218750, 17.418008},
zero=0.000000
z[16]=17.372325	
{0.234375, 17.372325},
zero=0.000000
z[17]=17.320044	
{0.250000, 17.320044},
zero=0.000000
z[18]=17.260933	
{0.265625, 17.260933},
zero=0.000000
z[19]=17.194799	
{0.281250, 17.194799},
zero=0.000000
z[20]=17.121484	
{0.296875, 17.121484},
zero=0.000000
z[21]=17.040859	
{0.312500, 17.040859},
zero=0.000000
z[22]=16.952815	
{0.328125, 16.952815},
zero=0.000000
z[23]=16.857264	
{0.343750, 16.857264},
zero=0.000000
z[24]=16.754134	
{0.359375, 16.754134},
zero=0.000000
z[25]=16.643365	
{0.375000, 16.643365},
zero=0.000000
z[26]=16.524912	
{0.390625, 16.524912},
zero=0.000000
z[27]=16.398740	
{0.406250, 16.398740},
zero=0.000000
z[28]=16.264823	
{0.421875, 16.264823},
zero=0.000000
z[29]=16.123147	
{0.437500, 16.123147},
zero=0.000000
z[30]=15.973708	
{0.453125, 15.973708},
zero=0.000000
z[31]=15.816514	
{0.468750, 15.816514},
zero=0.000000
z[32]=15.651584	
{0.484375, 15.651584},
zero=0.000000
z[33]=15.478951	
{0.500000, 15.478951},
zero=0.000000
z[34]=15.298664	
{0.515625, 15.298664},
zero=0.000000
z[35]=15.110792	
{0.531250, 15.110792},
zero=0.000000
z[36]=14.915425	
{0.546875, 14.915425},
zero=0.000000
z[37]=14.712683	
{0.562500, 14.712683},
zero=0.000000
z[38]=14.502715	
{0.578125, 14.502715},
zero=0.000000
z[39]=14.285716	
{0.593750, 14.285716},
zero=0.000000
z[40]=14.061926	
{0.609375, 14.061926},
zero=0.000000
z[41]=13.831651	
{0.625000, 13.831651},
zero=0.000000
z[42]=13.595274	
{0.640625, 13.595274},
zero=0.000000
z[43]=13.353273	
{0.656250, 13.353273},
zero=0.000000
z[44]=13.106251	
{0.671875, 13.106251},
zero=0.000000
z[45]=12.854959	
{0.687500, 12.854959},
zero=0.000000
z[46]=12.600346	
{0.703125, 12.600346},
zero=0.000000
z[47]=12.343602	
{0.718750, 12.343602},
zero=0.000000
z[48]=12.086233	
{0.734375, 12.086233},
zero=0.000000
z[49]=11.830142	
{0.750000, 11.830142},
zero=0.000000
z[50]=11.577746	
{0.765625, 11.577746},
zero=0.000000
z[51]=11.332125	
{0.781250, 11.332125},
zero=0.000000
z[52]=11.097223	
{0.796875, 11.097223},
zero=0.000000
z[53]=10.878117	
{0.812500, 10.878117},
zero=0.000000
z[54]=10.681395	
{0.828125, 10.681395},
zero=0.000000
z[55]=10.515714	
{0.843750, 10.515714},
zero=0.000000
z[56]=10.392684	
{0.859375, 10.392684},
zero=0.000000
z[57]=10.328436	
{0.875000, 10.328436},
zero=0.000000
z[58]=10.346877	
{0.890625, 10.346877},
zero=0.000000
z[59]=10.487899	
{0.906250, 10.487899},
zero=0.000000
z[60]=10.835039	
{0.921875, 10.835039},
zero=0.000000
z[61]=11.672555	
{0.937500, 11.672555},
zero=0.000000
m=-1.000000	R0=4.000000
result=10.328436	radius=57
