z[1]=13.660977	
{0, 13.660977},
zero=0.000000
z[5]=13.645875	
{0.062500, 13.645875},
zero=0.000000
z[5]=13.645875	
{0.062500, 13.645875},
zero=0.000000
z[6]=13.652340	
{0.078125, 13.652340},
zero=0.000000
z[7]=13.661293	
{0.093750, 13.661293},
zero=0.000000
z[8]=13.671739	
{0.109375, 13.671739},
zero=0.000000
z[9]=13.682842	
{0.125000, 13.682842},
zero=0.000000
z[10]=13.693898	
{0.140625, 13.693898},
zero=0.000000
z[11]=13.704309	
{0.156250, 13.704309},
zero=0.000000
z[12]=13.713559	
{0.171875, 13.713559},
zero=0.000000
z[13]=13.721206	
{0.187500, 13.721206},
zero=0.000000
z[14]=13.726869	
{0.203125, 13.726869},
zero=0.000000
z[15]=13.730217	
{0.218750, 13.730217},
zero=0.000000
z[16]=13.730971	
{0.234375, 13.730971},
zero=0.000000
z[17]=13.728890	
{0.250000, 13.728890},
zero=0.000000
z[18]=13.723769	
{0.265625, 13.723769},
zero=0.000000
z[19]=13.715437	
{0.281250, 13.715437},
zero=0.000000
z[20]=13.703750	
{0.296875, 13.703750},
zero=0.000000
z[21]=13.688589	
{0.312500, 13.688589},
zero=0.000000
z[22]=13.669858	
{0.328125, 13.669858},
zero=0.000000
z[23]=13.647482	
{0.343750, 13.647482},
zero=0.000000
z[24]=13.621403	
{0.359375, 13.621403},
zero=0.000000
z[25]=13.591581	
{0.375000, 13.591581},
zero=0.000000
z[26]=13.557993	
{0.390625, 13.557993},
zero=0.000000
z[27]=13.520631	
{0.406250, 13.520631},
zero=0.000000
z[28]=13.479504	
{0.421875, 13.479504},
zero=0.000000
z[29]=13.434637	
{0.437500, 13.434637},
zero=0.000000
z[30]=13.386070	
{0.453125, 13.386070},
zero=0.000000
z[31]=13.333866	
{0.468750, 13.333866},
zero=0.000000
z[32]=13.278103	
{0.484375, 13.278103},
zero=0.000000
z[33]=13.218886	
{0.500000, 13.218886},
zero=0.000000
z[34]=13.156342	
{0.515625, 13.156342},
zero=0.000000
z[35]=13.090626	
{0.531250, 13.090626},
zero=0.000000
z[36]=13.021928	
{0.546875, 13.021928},
zero=0.000000
z[37]=12.950473	
{0.562500, 12.950473},
zero=0.000000
z[38]=12.876530	
{0.578125, 12.876530},
zero=0.000000
z[39]=12.800416	
{0.593750, 12.800416},
zero=0.000000
z[40]=12.722508	
{0.609375, 12.722508},
zero=0.000000
z[41]=12.643248	
{0.625000, 12.643248},
zero=0.000000
z[42]=12.563156	
{0.640625, 12.563156},
zero=0.000000
z[43]=12.482843	
{0.656250, 12.482843},
zero=0.000000
z[44]=12.403026	
{0.671875, 12.403026},
zero=0.000000
z[45]=12.324546	
{0.687500, 12.324546},
zero=0.000000
z[46]=12.248390	
{0.703125, 12.248390},
zero=0.000000
z[47]=12.175715	
{0.718750, 12.175715},
zero=0.000000
z[48]=12.107882	
{0.734375, 12.107882},
zero=0.000000
z[49]=12.046490	
{0.750000, 12.046490},
zero=0.000000
z[50]=11.993427	
{0.765625, 11.993427},
zero=0.000000
z[51]=11.950928	
{0.781250, 11.950928},
zero=0.000000
z[52]=11.921654	
{0.796875, 11.921654},
zero=0.000000
z[53]=11.908801	
{0.812500, 11.908801},
zero=0.000000
z[54]=11.916246	
{0.828125, 11.916246},
zero=0.000000
z[55]=11.948778	
{0.843750, 11.948778},
zero=0.000000
z[56]=12.012454	
{0.859375, 12.012454},
zero=0.000000
z[57]=12.115214	
{0.875000, 12.115214},
zero=0.000000
z[58]=12.268022	
{0.890625, 12.268022},
zero=0.000000
z[59]=12.487253	
{0.906250, 12.487253},
zero=0.000000
z[60]=12.800539	
{0.921875, 12.800539},
zero=0.000000
z[61]=13.265169	
{0.937500, 13.265169},
zero=0.000000
z[62]=14.061462	
{0.953125, 14.061462},
zero=0.000000
m=-1.000000	R0=3.000000
result=11.908801	radius=53
