z[1]=11.457614	
{0, 11.457614},
zero=0.000000
z[5]=11.455888	
{0.062500, 11.455888},
zero=0.000000
z[5]=11.455888	
{0.062500, 11.455888},
zero=0.000000
z[6]=11.465364	
{0.078125, 11.465364},
zero=0.000000
z[7]=11.477641	
{0.093750, 11.477641},
zero=0.000000
z[8]=11.491927	
{0.109375, 11.491927},
zero=0.000000
z[9]=11.507567	
{0.125000, 11.507567},
zero=0.000000
z[10]=11.524018	
{0.140625, 11.524018},
zero=0.000000
z[11]=11.540817	
{0.156250, 11.540817},
zero=0.000000
z[12]=11.557567	
{0.171875, 11.557567},
zero=0.000000
z[13]=11.573925	
{0.187500, 11.573925},
zero=0.000000
z[14]=11.589593	
{0.203125, 11.589593},
zero=0.000000
z[15]=11.604309	
{0.218750, 11.604309},
zero=0.000000
z[16]=11.617849	
{0.234375, 11.617849},
zero=0.000000
z[17]=11.630018	
{0.250000, 11.630018},
zero=0.000000
z[18]=11.640648	
{0.265625, 11.640648},
zero=0.000000
z[19]=11.649596	
{0.281250, 11.649596},
zero=0.000000
z[20]=11.656744	
{0.296875, 11.656744},
zero=0.000000
z[21]=11.661992	
{0.312500, 11.661992},
zero=0.000000
z[22]=11.665262	
{0.328125, 11.665262},
zero=0.000000
z[23]=11.666494	
{0.343750, 11.666494},
zero=0.000000
z[24]=11.665645	
{0.359375, 11.665645},
zero=0.000000
z[25]=11.662691	
{0.375000, 11.662691},
zero=0.000000
z[26]=11.657622	
{0.390625, 11.657622},
zero=0.000000
z[27]=11.650446	
{0.406250, 11.650446},
zero=0.000000
z[28]=11.641187	
{0.421875, 11.641187},
zero=0.000000
z[29]=11.629887	
{0.437500, 11.629887},
zero=0.000000
z[30]=11.616605	
{0.453125, 11.616605},
zero=0.000000
z[31]=11.601419	
{0.468750, 11.601419},
zero=0.000000
z[32]=11.584428	
{0.484375, 11.584428},
zero=0.000000
z[33]=11.565751	
{0.500000, 11.565751},
zero=0.000000
z[34]=11.545533	
{0.515625, 11.545533},
zero=0.000000
z[35]=11.523945	
{0.531250, 11.523945},
zero=0.000000
z[36]=11.501187	
{0.546875, 11.501187},
zero=0.000000
z[37]=11.477491	
{0.562500, 11.477491},
zero=0.000000
z[38]=11.453128	
{0.578125, 11.453128},
zero=0.000000
z[39]=11.428408	
{0.593750, 11.428408},
zero=0.000000
z[40]=11.403690	
{0.609375, 11.403690},
zero=0.000000
z[41]=11.379382	
{0.625000, 11.379382},
zero=0.000000
z[42]=11.355956	
{0.640625, 11.355956},
zero=0.000000
z[43]=11.333950	
{0.656250, 11.333950},
zero=0.000000
z[44]=11.313977	
{0.671875, 11.313977},
zero=0.000000
z[45]=11.296743	
{0.687500, 11.296743},
zero=0.000000
z[46]=11.283053	
{0.703125, 11.283053},
zero=0.000000
z[47]=11.273829	
{0.718750, 11.273829},
zero=0.000000
z[48]=11.270131	
{0.734375, 11.270131},
zero=0.000000
z[49]=11.273180	
{0.750000, 11.273180},
zero=0.000000
z[50]=11.284388	
{0.765625, 11.284388},
zero=0.000000
z[51]=11.305398	
{0.781250, 11.305398},
zero=0.000000
z[52]=11.338137	
{0.796875, 11.338137},
zero=0.000000
z[53]=11.384892	
{0.812500, 11.384892},
zero=0.000000
z[54]=11.448419	
{0.828125, 11.448419},
zero=0.000000
z[55]=11.532107	
{0.843750, 11.532107},
zero=0.000000
z[56]=11.640248	
{0.859375, 11.640248},
zero=0.000000
z[57]=11.778481	
{0.875000, 11.778481},
zero=0.000000
z[58]=11.954619	
{0.890625, 11.954619},
zero=0.000000
z[59]=12.180320	
{0.906250, 12.180320},
zero=0.000000
z[60]=12.474980	
{0.921875, 12.474980},
zero=0.000000
z[61]=12.877224	
{0.937500, 12.877224},
zero=0.000000
z[62]=13.497435	
{0.953125, 13.497435},
zero=0.000000
m=-1.000000	R0=2.500000
result=11.270131	radius=48
