z[1]=58.190875	
{0, 58.190875},
zero=0.000000
z[3]=58.177211	
{0.031250, 58.177211},
zero=0.000000
z[3]=58.177211	
{0.031250, 58.177211},
zero=0.000000
z[4]=58.190582	
{0.046875, 58.190582},
zero=0.000000
z[5]=58.206497	
{0.062500, 58.206497},
zero=0.000000
z[6]=58.217562	
{0.078125, 58.217562},
zero=0.000000
z[7]=58.218239	
{0.093750, 58.218239},
zero=0.000000
z[8]=58.204523	
{0.109375, 58.204523},
zero=0.000000
z[9]=58.173546	
{0.125000, 58.173546},
zero=0.000000
z[10]=58.123265	
{0.140625, 58.123265},
zero=0.000000
z[11]=58.052227	
{0.156250, 58.052227},
zero=0.000000
z[12]=57.959397	
{0.171875, 57.959397},
zero=0.000000
z[13]=57.844024	
{0.187500, 57.844024},
zero=0.000000
z[14]=57.705557	
{0.203125, 57.705557},
zero=0.000000
z[15]=57.543583	
{0.218750, 57.543583},
zero=0.000000
z[16]=57.357786	
{0.234375, 57.357786},
zero=0.000000
z[17]=57.147917	
{0.250000, 57.147917},
zero=0.000000
z[18]=56.913780	
{0.265625, 56.913780},
zero=0.000000
z[19]=56.655214	
{0.281250, 56.655214},
zero=0.000000
z[20]=56.372088	
{0.296875, 56.372088},
zero=0.000000
z[21]=56.064290	
{0.312500, 56.064290},
zero=0.000000
z[22]=55.731729	
{0.328125, 55.731729},
zero=0.000000
z[23]=55.374324	
{0.343750, 55.374324},
zero=0.000000
z[24]=54.992007	
{0.359375, 54.992007},
zero=0.000000
z[25]=54.584720	
{0.375000, 54.584720},
zero=0.000000
z[26]=54.152409	
{0.390625, 54.152409},
zero=0.000000
z[27]=53.695031	
{0.406250, 53.695031},
zero=0.000000
z[28]=53.212546	
{0.421875, 53.212546},
zero=0.000000
z[29]=52.704918	
{0.437500, 52.704918},
zero=0.000000
z[30]=52.172118	
{0.453125, 52.172118},
zero=0.000000
z[31]=51.614118	
{0.468750, 51.614118},
zero=0.000000
z[32]=51.030898	
{0.484375, 51.030898},
zero=0.000000
z[33]=50.422437	
{0.500000, 50.422437},
zero=0.000000
z[34]=49.788723	
{0.515625, 49.788723},
zero=0.000000
z[35]=49.129746	
{0.531250, 49.129746},
zero=0.000000
z[36]=48.445503	
{0.546875, 48.445503},
zero=0.000000
z[37]=47.736000	
{0.562500, 47.736000},
zero=0.000000
z[38]=47.001252	
{0.578125, 47.001252},
zero=0.000000
z[39]=46.241289	
{0.593750, 46.241289},
zero=0.000000
z[40]=45.456158	
{0.609375, 45.456158},
zero=0.000000
z[41]=44.645936	
{0.625000, 44.645936},
zero=0.000000
z[42]=43.810733	
{0.640625, 43.810733},
zero=0.000000
z[43]=42.950716	
{0.656250, 42.950716},
zero=0.000000
z[44]=42.066122	
{0.671875, 42.066122},
zero=0.000000
z[45]=41.157294	
{0.687500, 41.157294},
zero=0.000000
z[46]=40.224722	
{0.703125, 40.224722},
zero=0.000000
z[47]=39.269105	
{0.718750, 39.269105},
zero=0.000000
z[48]=38.291436	
{0.734375, 38.291436},
zero=0.000000
z[49]=37.293126	
{0.750000, 37.293126},
zero=0.000000
z[50]=36.276174	
{0.765625, 36.276174},
zero=0.000000
z[51]=35.243420	
{0.781250, 35.243420},
zero=0.000000
z[52]=34.198882	
{0.796875, 34.198882},
zero=0.000000
z[53]=33.148262	
{0.812500, 33.148262},
zero=0.000000
z[54]=32.099643	
{0.828125, 32.099643},
zero=0.000000
z[55]=31.064506	
{0.843750, 31.064506},
zero=0.000000
z[56]=30.059191	
{0.859375, 30.059191},
zero=0.000000
z[57]=29.107056	
{0.875000, 29.107056},
zero=0.000000
z[58]=28.241745	
{0.890625, 28.241745},
zero=0.000000
z[59]=27.512404	
{0.906250, 27.512404},
zero=0.000000
z[60]=26.992792	
{0.921875, 26.992792},
zero=0.000000
z[61]=26.799978	
{0.937500, 26.799978},
zero=0.000000
z[62]=27.144950	
{0.953125, 27.144950},
zero=0.000000
z[63]=28.557157	
{0.968750, 28.557157},
zero=0.000000
m=-1.000000	R0=7.000000
result=26.799978	radius=61
