z[1]=17.162448	
{0, 17.162448},
zero=0.000000
z[5]=17.151497	
{0.062500, 17.151497},
zero=0.000000
z[5]=17.151497	
{0.062500, 17.151497},
zero=0.000000
z[6]=17.158929	
{0.078125, 17.158929},
zero=0.000000
z[7]=17.168491	
{0.093750, 17.168491},
zero=0.000000
z[8]=17.178872	
{0.109375, 17.178872},
zero=0.000000
z[9]=17.188987	
{0.125000, 17.188987},
zero=0.000000
z[10]=17.197927	
{0.140625, 17.197927},
zero=0.000000
z[11]=17.204927	
{0.156250, 17.204927},
zero=0.000000
z[12]=17.209340	
{0.171875, 17.209340},
zero=0.000000
z[13]=17.210619	
{0.187500, 17.210619},
zero=0.000000
z[14]=17.208304	
{0.203125, 17.208304},
zero=0.000000
z[15]=17.202006	
{0.218750, 17.202006},
zero=0.000000
z[16]=17.191402	
{0.234375, 17.191402},
zero=0.000000
z[17]=17.176218	
{0.250000, 17.176218},
zero=0.000000
z[18]=17.156229	
{0.265625, 17.156229},
zero=0.000000
z[19]=17.131246	
{0.281250, 17.131246},
zero=0.000000
z[20]=17.101116	
{0.296875, 17.101116},
zero=0.000000
z[21]=17.065709	
{0.312500, 17.065709},
zero=0.000000
z[22]=17.024921	
{0.328125, 17.024921},
zero=0.000000
z[23]=16.978671	
{0.343750, 16.978671},
zero=0.000000
z[24]=16.926891	
{0.359375, 16.926891},
zero=0.000000
z[25]=16.869533	
{0.375000, 16.869533},
zero=0.000000
z[26]=16.806562	
{0.390625, 16.806562},
zero=0.000000
z[27]=16.737958	
{0.406250, 16.737958},
zero=0.000000
z[28]=16.663714	
{0.421875, 16.663714},
zero=0.000000
z[29]=16.583839	
{0.437500, 16.583839},
zero=0.000000
z[30]=16.498355	
{0.453125, 16.498355},
zero=0.000000
z[31]=16.407301	
{0.468750, 16.407301},
zero=0.000000
z[32]=16.310734	
{0.484375, 16.310734},
zero=0.000000
z[33]=16.208730	
{0.500000, 16.208730},
zero=0.000000
z[34]=16.101391	
{0.515625, 16.101391},
zero=0.000000
z[35]=15.988842	
{0.531250, 15.988842},
zero=0.000000
z[36]=15.871243	
{0.546875, 15.871243},
zero=0.000000
z[37]=15.748789	
{0.562500, 15.748789},
zero=0.000000
z[38]=15.621720	
{0.578125, 15.621720},
zero=0.000000
z[39]=15.490326	
{0.593750, 15.490326},
zero=0.000000
z[40]=15.354962	
{0.609375, 15.354962},
zero=0.000000
z[41]=15.216054	
{0.625000, 15.216054},
zero=0.000000
z[42]=15.074118	
{0.640625, 15.074118},
zero=0.000000
z[43]=14.929773	
{0.656250, 14.929773},
zero=0.000000
z[44]=14.783766	
{0.671875, 14.783766},
zero=0.000000
z[45]=14.636993	
{0.687500, 14.636993},
zero=0.000000
z[46]=14.490532	
{0.703125, 14.490532},
zero=0.000000
z[47]=14.345675	
{0.718750, 14.345675},
zero=0.000000
z[48]=14.203980	
{0.734375, 14.203980},
zero=0.000000
z[49]=14.067315	
{0.750000, 14.067315},
zero=0.000000
z[50]=13.937932	
{0.765625, 13.937932},
zero=0.000000
z[51]=13.818550	
{0.781250, 13.818550},
zero=0.000000
z[52]=13.712457	
{0.796875, 13.712457},
zero=0.000000
z[53]=13.623658	
{0.812500, 13.623658},
zero=0.000000
z[54]=13.557058	
{0.828125, 13.557058},
zero=0.000000
z[55]=13.518740	
{0.843750, 13.518740},
zero=0.000000
z[56]=13.516378	
{0.859375, 13.516378},
zero=0.000000
z[57]=13.559913	
{0.875000, 13.559913},
zero=0.000000
z[58]=13.662775	
{0.890625, 13.662775},
zero=0.000000
z[59]=13.844348	
{0.906250, 13.844348},
zero=0.000000
z[60]=14.135827	
{0.921875, 14.135827},
zero=0.000000
z[61]=14.597965	
{0.937500, 14.597965},
zero=0.000000
z[62]=15.406640	
{0.953125, 15.406640},
zero=0.000000
m=-1.000000	R0=3.500000
result=13.516378	radius=56
