z[1]=129.736173	
{0, 129.736173},
zero=0.000000
z[3]=129.701068	
{0.031250, 129.701068},
zero=0.000000
z[3]=129.701068	
{0.031250, 129.701068},
zero=0.000000
z[4]=129.680834	
{0.046875, 129.680834},
zero=0.000000
z[5]=129.636878	
{0.062500, 129.636878},
zero=0.000000
z[6]=129.555126	
{0.078125, 129.555126},
zero=0.000000
z[7]=129.426587	
{0.093750, 129.426587},
zero=0.000000
z[8]=129.245823	
{0.109375, 129.245823},
zero=0.000000
z[9]=129.009547	
{0.125000, 129.009547},
zero=0.000000
z[10]=128.715721	
{0.140625, 128.715721},
zero=0.000000
z[11]=128.363026	
{0.156250, 128.363026},
zero=0.000000
z[12]=127.950569	
{0.171875, 127.950569},
zero=0.000000
z[13]=127.477713	
{0.187500, 127.477713},
zero=0.000000
z[14]=126.943989	
{0.203125, 126.943989},
zero=0.000000
z[15]=126.349039	
{0.218750, 126.349039},
zero=0.000000
z[16]=125.692583	
{0.234375, 125.692583},
zero=0.000000
z[17]=124.974395	
{0.250000, 124.974395},
zero=0.000000
z[18]=124.194293	
{0.265625, 124.194293},
zero=0.000000
z[19]=123.352126	
{0.281250, 123.352126},
zero=0.000000
z[20]=122.447769	
{0.296875, 122.447769},
zero=0.000000
z[21]=121.481113	
{0.312500, 121.481113},
zero=0.000000
z[22]=120.452069	
{0.328125, 120.452069},
zero=0.000000
z[23]=119.360558	
{0.343750, 119.360558},
zero=0.000000
z[24]=118.206512	
{0.359375, 118.206512},
zero=0.000000
z[25]=116.989872	
{0.375000, 116.989872},
zero=0.000000
z[26]=115.710587	
{0.390625, 115.710587},
zero=0.000000
z[27]=114.368610	
{0.406250, 114.368610},
zero=0.000000
z[28]=112.963901	
{0.421875, 112.963901},
zero=0.000000
z[29]=111.496423	
{0.437500, 111.496423},
zero=0.000000
z[30]=109.966144	
{0.453125, 109.966144},
zero=0.000000
z[31]=108.373035	
{0.468750, 108.373035},
zero=0.000000
z[32]=106.717070	
{0.484375, 106.717070},
zero=0.000000
z[33]=104.998224	
{0.500000, 104.998224},
zero=0.000000
z[34]=103.216476	
{0.515625, 103.216476},
zero=0.000000
z[35]=101.371807	
{0.531250, 101.371807},
zero=0.000000
z[36]=99.464199	
{0.546875, 99.464199},
zero=0.000000
z[37]=97.493635	
{0.562500, 97.493635},
zero=0.000000
z[38]=95.460102	
{0.578125, 95.460102},
zero=0.000000
z[39]=93.363587	
{0.593750, 93.363587},
zero=0.000000
z[40]=91.204078	
{0.609375, 91.204078},
zero=0.000000
z[41]=88.981569	
{0.625000, 88.981569},
zero=0.000000
z[42]=86.696054	
{0.640625, 86.696054},
zero=0.000000
z[43]=84.347534	
{0.656250, 84.347534},
zero=0.000000
z[44]=81.936020	
{0.671875, 81.936020},
zero=0.000000
z[45]=79.461534	
{0.687500, 79.461534},
zero=0.000000
z[46]=76.924124	
{0.703125, 76.924124},
zero=0.000000
z[47]=74.323876	
{0.718750, 74.323876},
zero=0.000000
z[48]=71.660945	
{0.734375, 71.660945},
zero=0.000000
z[49]=68.935597	
{0.750000, 68.935597},
zero=0.000000
z[50]=66.148292	
{0.765625, 66.148292},
zero=0.000000
z[51]=63.299815	
{0.781250, 63.299815},
zero=0.000000
z[52]=60.391512	
{0.796875, 60.391512},
zero=0.000000
z[53]=57.425670	
{0.812500, 57.425670},
zero=0.000000
z[54]=54.406195	
{0.828125, 54.406195},
zero=0.000000
z[55]=51.339757	
{0.843750, 51.339757},
zero=0.000000
z[56]=48.237773	
{0.859375, 48.237773},
zero=0.000000
z[57]=45.119895	
{0.875000, 45.119895},
zero=0.000000
z[58]=42.020220	
{0.890625, 42.020220},
zero=0.000000
z[59]=38.998655	
{0.906250, 38.998655},
zero=0.000000
z[60]=36.162604	
{0.921875, 36.162604},
zero=0.000000
z[61]=33.711771	
{0.937500, 33.711771},
zero=0.000000
z[62]=32.048266	
{0.953125, 32.048266},
zero=0.000000
z[63]=32.189885	
{0.968750, 32.189885},
zero=0.000000
m=-1.000000	R0=11.000000
result=32.048266	radius=62
