z[1]=90.039216	
{0, 90.039216},
zero=0.000000
z[3]=90.016016	
{0.031250, 90.016016},
zero=0.000000
z[3]=90.016016	
{0.031250, 90.016016},
zero=0.000000
z[4]=90.016979	
{0.046875, 90.016979},
zero=0.000000
z[5]=90.010241	
{0.062500, 90.010241},
zero=0.000000
z[6]=89.985008	
{0.078125, 89.985008},
zero=0.000000
z[7]=89.933757	
{0.093750, 89.933757},
zero=0.000000
z[8]=89.851516	
{0.109375, 89.851516},
zero=0.000000
z[9]=89.735036	
{0.125000, 89.735036},
zero=0.000000
z[10]=89.582193	
{0.140625, 89.582193},
zero=0.000000
z[11]=89.391571	
{0.156250, 89.391571},
zero=0.000000
z[12]=89.162205	
{0.171875, 89.162205},
zero=0.000000
z[13]=88.893411	
{0.187500, 88.893411},
zero=0.000000
z[14]=88.584691	
{0.203125, 88.584691},
zero=0.000000
z[15]=88.235669	
{0.218750, 88.235669},
zero=0.000000
z[16]=87.846054	
{0.234375, 87.846054},
zero=0.000000
z[17]=87.415617	
{0.250000, 87.415617},
zero=0.000000
z[18]=86.944170	
{0.265625, 86.944170},
zero=0.000000
z[19]=86.431561	
{0.281250, 86.431561},
zero=0.000000
z[20]=85.877662	
{0.296875, 85.877662},
zero=0.000000
z[21]=85.282368	
{0.312500, 85.282368},
zero=0.000000
z[22]=84.645585	
{0.328125, 84.645585},
zero=0.000000
z[23]=83.967237	
{0.343750, 83.967237},
zero=0.000000
z[24]=83.247254	
{0.359375, 83.247254},
zero=0.000000
z[25]=82.485579	
{0.375000, 82.485579},
zero=0.000000
z[26]=81.682160	
{0.390625, 81.682160},
zero=0.000000
z[27]=80.836950	
{0.406250, 80.836950},
zero=0.000000
z[28]=79.949910	
{0.421875, 79.949910},
zero=0.000000
z[29]=79.021002	
{0.437500, 79.021002},
zero=0.000000
z[30]=78.050197	
{0.453125, 78.050197},
zero=0.000000
z[31]=77.037463	
{0.468750, 77.037463},
zero=0.000000
z[32]=75.982776	
{0.484375, 75.982776},
zero=0.000000
z[33]=74.886112	
{0.500000, 74.886112},
zero=0.000000
z[34]=73.747452	
{0.515625, 73.747452},
zero=0.000000
z[35]=72.566775	
{0.531250, 72.566775},
zero=0.000000
z[36]=71.344068	
{0.546875, 71.344068},
zero=0.000000
z[37]=70.079316	
{0.562500, 70.079316},
zero=0.000000
z[38]=68.772511	
{0.578125, 68.772511},
zero=0.000000
z[39]=67.423646	
{0.593750, 67.423646},
zero=0.000000
z[40]=66.032721	
{0.609375, 66.032721},
zero=0.000000
z[41]=64.599744	
{0.625000, 64.599744},
zero=0.000000
z[42]=63.124736	
{0.640625, 63.124736},
zero=0.000000
z[43]=61.607735	
{0.656250, 61.607735},
zero=0.000000
z[44]=60.048807	
{0.671875, 60.048807},
zero=0.000000
z[45]=58.448059	
{0.687500, 58.448059},
zero=0.000000
z[46]=56.805666	
{0.703125, 56.805666},
zero=0.000000
z[47]=55.121904	
{0.718750, 55.121904},
zero=0.000000
z[48]=53.397206	
{0.734375, 53.397206},
zero=0.000000
z[49]=51.632252	
{0.750000, 51.632252},
zero=0.000000
z[50]=49.828101	
{0.765625, 49.828101},
zero=0.000000
z[51]=47.986403	
{0.781250, 47.986403},
zero=0.000000
z[52]=46.109730	
{0.796875, 46.109730},
zero=0.000000
z[53]=44.202082	
{0.812500, 44.202082},
zero=0.000000
z[54]=42.269692	
{0.828125, 42.269692},
zero=0.000000
z[55]=40.322280	
{0.843750, 40.322280},
zero=0.000000
z[56]=38.375042	
{0.859375, 38.375042},
zero=0.000000
z[57]=36.451825	
{0.875000, 36.451825},
zero=0.000000
z[58]=34.590312	
{0.890625, 34.590312},
zero=0.000000
z[59]=32.850709	
{0.906250, 32.850709},
zero=0.000000
z[60]=31.331180	
{0.921875, 31.331180},
zero=0.000000
z[61]=30.198355	
{0.937500, 30.198355},
zero=0.000000
z[62]=29.762816	
{0.953125, 29.762816},
zero=0.000000
z[63]=30.784266	
{0.968750, 30.784266},
zero=0.000000
m=-1.000000	R0=9.000000
result=29.762816	radius=62
