z[1]=50.529069	
{0, 50.529069},
zero=0.000000
z[5]=50.461610	
{0.062500, 50.461610},
zero=0.000000
z[5]=50.461610	
{0.062500, 50.461610},
zero=0.000000
z[6]=50.432078	
{0.078125, 50.432078},
zero=0.000000
z[7]=50.391483	
{0.093750, 50.391483},
zero=0.000000
z[8]=50.336241	
{0.109375, 50.336241},
zero=0.000000
z[9]=50.263667	
{0.125000, 50.263667},
zero=0.000000
z[10]=50.171793	
{0.140625, 50.171793},
zero=0.000000
z[11]=50.059187	
{0.156250, 50.059187},
zero=0.000000
z[12]=49.924811	
{0.171875, 49.924811},
zero=0.000000
z[13]=49.767911	
{0.187500, 49.767911},
zero=0.000000
z[14]=49.587928	
{0.203125, 49.587928},
zero=0.000000
z[15]=49.384444	
{0.218750, 49.384444},
zero=0.000000
z[16]=49.157138	
{0.234375, 49.157138},
zero=0.000000
z[17]=48.905763	
{0.250000, 48.905763},
zero=0.000000
z[18]=48.630119	
{0.265625, 48.630119},
zero=0.000000
z[19]=48.330045	
{0.281250, 48.330045},
zero=0.000000
z[20]=48.005410	
{0.296875, 48.005410},
zero=0.000000
z[21]=47.656104	
{0.312500, 47.656104},
zero=0.000000
z[22]=47.282033	
{0.328125, 47.282033},
zero=0.000000
z[23]=46.883118	
{0.343750, 46.883118},
zero=0.000000
z[24]=46.459292	
{0.359375, 46.459292},
zero=0.000000
z[25]=46.010494	
{0.375000, 46.010494},
zero=0.000000
z[26]=45.536673	
{0.390625, 45.536673},
zero=0.000000
z[27]=45.037784	
{0.406250, 45.037784},
zero=0.000000
z[28]=44.513787	
{0.421875, 44.513787},
zero=0.000000
z[29]=43.964647	
{0.437500, 43.964647},
zero=0.000000
z[30]=43.390332	
{0.453125, 43.390332},
zero=0.000000
z[31]=42.790815	
{0.468750, 42.790815},
zero=0.000000
z[32]=42.166072	
{0.484375, 42.166072},
zero=0.000000
z[33]=41.516084	
{0.500000, 41.516084},
zero=0.000000
z[34]=40.840833	
{0.515625, 40.840833},
zero=0.000000
z[35]=40.140305	
{0.531250, 40.140305},
zero=0.000000
z[36]=39.414494	
{0.546875, 39.414494},
zero=0.000000
z[37]=38.663394	
{0.562500, 38.663394},
zero=0.000000
z[38]=37.887011	
{0.578125, 37.887011},
zero=0.000000
z[39]=37.085356	
{0.593750, 37.085356},
zero=0.000000
z[40]=36.258455	
{0.609375, 36.258455},
zero=0.000000
z[41]=35.406348	
{0.625000, 35.406348},
zero=0.000000
z[42]=34.529102	
{0.640625, 34.529102},
zero=0.000000
z[43]=33.626813	
{0.656250, 33.626813},
zero=0.000000
z[44]=32.699625	
{0.671875, 32.699625},
zero=0.000000
z[45]=31.747749	
{0.687500, 31.747749},
zero=0.000000
z[46]=30.771486	
{0.703125, 30.771486},
zero=0.000000
z[47]=29.771275	
{0.718750, 29.771275},
zero=0.000000
z[48]=28.747745	
{0.734375, 28.747745},
zero=0.000000
z[49]=27.701804	
{0.750000, 27.701804},
zero=0.000000
z[50]=26.634767	
{0.765625, 26.634767},
zero=0.000000
z[51]=25.548548	
{0.781250, 25.548548},
zero=0.000000
z[52]=24.445950	
{0.796875, 24.445950},
zero=0.000000
z[53]=23.331123	
{0.812500, 23.331123},
zero=0.000000
z[54]=22.210265	
{0.828125, 22.210265},
zero=0.000000
z[55]=21.092764	
{0.843750, 21.092764},
zero=0.000000
z[56]=19.993019	
{0.859375, 19.993019},
zero=0.000000
z[57]=18.933447	
{0.875000, 18.933447},
zero=0.000000
z[58]=17.949537	
{0.890625, 17.949537},
zero=0.000000
z[59]=17.098824	
{0.906250, 17.098824},
zero=0.000000
z[60]=16.479019	
{0.921875, 16.479019},
zero=0.000000
z[61]=16.276716	
{0.937500, 16.276716},
zero=0.000000
z[62]=17.003969	
{0.953125, 17.003969},
zero=0.000000
m=-1.000000	R0=7.000000
result=16.276716	radius=61
