z[1]=16.977778	
{0, 16.977778},
zero=0.000000
z[3]=16.974881	
{0.031250, 16.974881},
zero=0.000000
z[3]=16.974881	
{0.031250, 16.974881},
zero=0.000000
z[4]=16.989382	
{0.046875, 16.989382},
zero=0.000000
z[5]=17.010653	
{0.062500, 17.010653},
zero=0.000000
z[6]=17.036668	
{0.078125, 17.036668},
zero=0.000000
z[7]=17.065834	
{0.093750, 17.065834},
zero=0.000000
z[8]=17.096933	
{0.109375, 17.096933},
zero=0.000000
z[9]=17.128999	
{0.125000, 17.128999},
zero=0.000000
z[10]=17.161237	
{0.140625, 17.161237},
zero=0.000000
z[11]=17.192988	
{0.156250, 17.192988},
zero=0.000000
z[12]=17.223692	
{0.171875, 17.223692},
zero=0.000000
z[13]=17.252875	
{0.187500, 17.252875},
zero=0.000000
z[14]=17.280132	
{0.203125, 17.280132},
zero=0.000000
z[15]=17.305116	
{0.218750, 17.305116},
zero=0.000000
z[16]=17.327536	
{0.234375, 17.327536},
zero=0.000000
z[17]=17.347141	
{0.250000, 17.347141},
zero=0.000000
z[18]=17.363722	
{0.265625, 17.363722},
zero=0.000000
z[19]=17.377102	
{0.281250, 17.377102},
zero=0.000000
z[20]=17.387135	
{0.296875, 17.387135},
zero=0.000000
z[21]=17.393701	
{0.312500, 17.393701},
zero=0.000000
z[22]=17.396704	
{0.328125, 17.396704},
zero=0.000000
z[23]=17.396068	
{0.343750, 17.396068},
zero=0.000000
z[24]=17.391736	
{0.359375, 17.391736},
zero=0.000000
z[25]=17.383669	
{0.375000, 17.383669},
zero=0.000000
z[26]=17.371846	
{0.390625, 17.371846},
zero=0.000000
z[27]=17.356260	
{0.406250, 17.356260},
zero=0.000000
z[28]=17.336924	
{0.421875, 17.336924},
zero=0.000000
z[29]=17.313864	
{0.437500, 17.313864},
zero=0.000000
z[30]=17.287126	
{0.453125, 17.287126},
zero=0.000000
z[31]=17.256773	
{0.468750, 17.256773},
zero=0.000000
z[32]=17.222892	
{0.484375, 17.222892},
zero=0.000000
z[33]=17.185590	
{0.500000, 17.185590},
zero=0.000000
z[34]=17.144999	
{0.515625, 17.144999},
zero=0.000000
z[35]=17.101284	
{0.531250, 17.101284},
zero=0.000000
z[36]=17.054639	
{0.546875, 17.054639},
zero=0.000000
z[37]=17.005299	
{0.562500, 17.005299},
zero=0.000000
z[38]=16.953541	
{0.578125, 16.953541},
zero=0.000000
z[39]=16.899693	
{0.593750, 16.899693},
zero=0.000000
z[40]=16.844141	
{0.609375, 16.844141},
zero=0.000000
z[41]=16.787338	
{0.625000, 16.787338},
zero=0.000000
z[42]=16.729816	
{0.640625, 16.729816},
zero=0.000000
z[43]=16.672197	
{0.656250, 16.672197},
zero=0.000000
z[44]=16.615209	
{0.671875, 16.615209},
zero=0.000000
z[45]=16.559700	
{0.687500, 16.559700},
zero=0.000000
z[46]=16.506663	
{0.703125, 16.506663},
zero=0.000000
z[47]=16.457255	
{0.718750, 16.457255},
zero=0.000000
z[48]=16.412829	
{0.734375, 16.412829},
zero=0.000000
z[49]=16.374966	
{0.750000, 16.374966},
zero=0.000000
z[50]=16.345517	
{0.765625, 16.345517},
zero=0.000000
z[51]=16.326659	
{0.781250, 16.326659},
zero=0.000000
z[52]=16.320956	
{0.796875, 16.320956},
zero=0.000000
z[53]=16.331456	
{0.812500, 16.331456},
zero=0.000000
z[54]=16.361811	
{0.828125, 16.361811},
zero=0.000000
z[55]=16.416454	
{0.843750, 16.416454},
zero=0.000000
z[56]=16.500877	
{0.859375, 16.500877},
zero=0.000000
z[57]=16.622066	
{0.875000, 16.622066},
zero=0.000000
z[58]=16.789253	
{0.890625, 16.789253},
zero=0.000000
z[59]=17.015330	
{0.906250, 17.015330},
zero=0.000000
z[60]=17.319737	
{0.921875, 17.319737},
zero=0.000000
z[61]=17.735343	
{0.937500, 17.735343},
zero=0.000000
z[62]=18.328785	
{0.953125, 18.328785},
zero=0.000000
z[63]=19.290552	
{0.968750, 19.290552},
zero=0.000000
m=-1.000000	R0=3.000000
result=16.320956	radius=52
