z[1]=24.546079	
{0, 24.546079},
zero=0.000000
z[5]=24.523151	
{0.062500, 24.523151},
zero=0.000000
z[5]=24.523151	
{0.062500, 24.523151},
zero=0.000000
z[6]=24.525156	
{0.078125, 24.525156},
zero=0.000000
z[7]=24.527312	
{0.093750, 24.527312},
zero=0.000000
z[8]=24.527688	
{0.109375, 24.527688},
zero=0.000000
z[9]=24.524702	
{0.125000, 24.524702},
zero=0.000000
z[10]=24.517067	
{0.140625, 24.517067},
zero=0.000000
z[11]=24.503730	
{0.156250, 24.503730},
zero=0.000000
z[12]=24.483842	
{0.171875, 24.483842},
zero=0.000000
z[13]=24.456714	
{0.187500, 24.456714},
zero=0.000000
z[14]=24.421796	
{0.203125, 24.421796},
zero=0.000000
z[15]=24.378642	
{0.218750, 24.378642},
zero=0.000000
z[16]=24.326897	
{0.234375, 24.326897},
zero=0.000000
z[17]=24.266274	
{0.250000, 24.266274},
zero=0.000000
z[18]=24.196541	
{0.265625, 24.196541},
zero=0.000000
z[19]=24.117511	
{0.281250, 24.117511},
zero=0.000000
z[20]=24.029030	
{0.296875, 24.029030},
zero=0.000000
z[21]=23.930973	
{0.312500, 23.930973},
zero=0.000000
z[22]=23.823235	
{0.328125, 23.823235},
zero=0.000000
z[23]=23.705732	
{0.343750, 23.705732},
zero=0.000000
z[24]=23.578392	
{0.359375, 23.578392},
zero=0.000000
z[25]=23.441158	
{0.375000, 23.441158},
zero=0.000000
z[26]=23.293983	
{0.390625, 23.293983},
zero=0.000000
z[27]=23.136830	
{0.406250, 23.136830},
zero=0.000000
z[28]=22.969670	
{0.421875, 22.969670},
zero=0.000000
z[29]=22.792486	
{0.437500, 22.792486},
zero=0.000000
z[30]=22.605269	
{0.453125, 22.605269},
zero=0.000000
z[31]=22.408020	
{0.468750, 22.408020},
zero=0.000000
z[32]=22.200751	
{0.484375, 22.200751},
zero=0.000000
z[33]=21.983488	
{0.500000, 21.983488},
zero=0.000000
z[34]=21.756271	
{0.515625, 21.756271},
zero=0.000000
z[35]=21.519161	
{0.531250, 21.519161},
zero=0.000000
z[36]=21.272237	
{0.546875, 21.272237},
zero=0.000000
z[37]=21.015610	
{0.562500, 21.015610},
zero=0.000000
z[38]=20.749422	
{0.578125, 20.749422},
zero=0.000000
z[39]=20.473859	
{0.593750, 20.473859},
zero=0.000000
z[40]=20.189159	
{0.609375, 20.189159},
zero=0.000000
z[41]=19.895628	
{0.625000, 19.895628},
zero=0.000000
z[42]=19.593653	
{0.640625, 19.593653},
zero=0.000000
z[43]=19.283727	
{0.656250, 19.283727},
zero=0.000000
z[44]=18.966475	
{0.671875, 18.966475},
zero=0.000000
z[45]=18.642686	
{0.687500, 18.642686},
zero=0.000000
z[46]=18.313363	
{0.703125, 18.313363},
zero=0.000000
z[47]=17.979770	
{0.718750, 17.979770},
zero=0.000000
z[48]=17.643508	
{0.734375, 17.643508},
zero=0.000000
z[49]=17.306607	
{0.750000, 17.306607},
zero=0.000000
z[50]=16.971636	
{0.765625, 16.971636},
zero=0.000000
z[51]=16.641859	
{0.781250, 16.641859},
zero=0.000000
z[52]=16.321429	
{0.796875, 16.321429},
zero=0.000000
z[53]=16.015644	
{0.812500, 16.015644},
zero=0.000000
z[54]=15.731297	
{0.828125, 15.731297},
zero=0.000000
z[55]=15.477147	
{0.843750, 15.477147},
zero=0.000000
z[56]=15.264614	
{0.859375, 15.264614},
zero=0.000000
z[57]=15.108821	
{0.875000, 15.108821},
zero=0.000000
z[58]=15.030372	
{0.890625, 15.030372},
zero=0.000000
z[59]=15.058772	
{0.906250, 15.058772},
zero=0.000000
z[60]=15.240363	
{0.921875, 15.240363},
zero=0.000000
z[61]=15.662483	
{0.937500, 15.662483},
zero=0.000000
z[62]=16.573135	
{0.953125, 16.573135},
zero=0.000000
m=-1.000000	R0=4.500000
result=15.030372	radius=58
