z[1]=33.710423	
{0, 33.710423},
zero=0.000000
z[5]=33.672892	
{0.062500, 33.672892},
zero=0.000000
z[5]=33.672892	
{0.062500, 33.672892},
zero=0.000000
z[6]=33.665728	
{0.078125, 33.665728},
zero=0.000000
z[7]=33.655314	
{0.093750, 33.655314},
zero=0.000000
z[8]=33.639040	
{0.109375, 33.639040},
zero=0.000000
z[9]=33.614834	
{0.125000, 33.614834},
zero=0.000000
z[10]=33.581070	
{0.140625, 33.581070},
zero=0.000000
z[11]=33.536485	
{0.156250, 33.536485},
zero=0.000000
z[12]=33.480102	
{0.171875, 33.480102},
zero=0.000000
z[13]=33.411171	
{0.187500, 33.411171},
zero=0.000000
z[14]=33.329112	
{0.203125, 33.329112},
zero=0.000000
z[15]=33.233479	
{0.218750, 33.233479},
zero=0.000000
z[16]=33.123924	
{0.234375, 33.123924},
zero=0.000000
z[17]=33.000172	
{0.250000, 33.000172},
zero=0.000000
z[18]=32.862006	
{0.265625, 32.862006},
zero=0.000000
z[19]=32.709251	
{0.281250, 32.709251},
zero=0.000000
z[20]=32.541763	
{0.296875, 32.541763},
zero=0.000000
z[21]=32.359425	
{0.312500, 32.359425},
zero=0.000000
z[22]=32.162138	
{0.328125, 32.162138},
zero=0.000000
z[23]=31.949821	
{0.343750, 31.949821},
zero=0.000000
z[24]=31.722402	
{0.359375, 31.722402},
zero=0.000000
z[25]=31.479823	
{0.375000, 31.479823},
zero=0.000000
z[26]=31.222032	
{0.390625, 31.222032},
zero=0.000000
z[27]=30.948986	
{0.406250, 30.948986},
zero=0.000000
z[28]=30.660649	
{0.421875, 30.660649},
zero=0.000000
z[29]=30.356990	
{0.437500, 30.356990},
zero=0.000000
z[30]=30.037985	
{0.453125, 30.037985},
zero=0.000000
z[31]=29.703615	
{0.468750, 29.703615},
zero=0.000000
z[32]=29.353869	
{0.484375, 29.353869},
zero=0.000000
z[33]=28.988743	
{0.500000, 28.988743},
zero=0.000000
z[34]=28.608241	
{0.515625, 28.608241},
zero=0.000000
z[35]=28.212377	
{0.531250, 28.212377},
zero=0.000000
z[36]=27.801178	
{0.546875, 27.801178},
zero=0.000000
z[37]=27.374688	
{0.562500, 27.374688},
zero=0.000000
z[38]=26.932969	
{0.578125, 26.932969},
zero=0.000000
z[39]=26.476113	
{0.593750, 26.476113},
zero=0.000000
z[40]=26.004244	
{0.609375, 26.004244},
zero=0.000000
z[41]=25.517532	
{0.625000, 25.517532},
zero=0.000000
z[42]=25.016207	
{0.640625, 25.016207},
zero=0.000000
z[43]=24.500579	
{0.656250, 24.500579},
zero=0.000000
z[44]=23.971059	
{0.671875, 23.971059},
zero=0.000000
z[45]=23.428198	
{0.687500, 23.428198},
zero=0.000000
z[46]=22.872729	
{0.703125, 22.872729},
zero=0.000000
z[47]=22.305627	
{0.718750, 22.305627},
zero=0.000000
z[48]=21.728193	
{0.734375, 21.728193},
zero=0.000000
z[49]=21.142159	
{0.750000, 21.142159},
zero=0.000000
z[50]=20.549840	
{0.765625, 20.549840},
zero=0.000000
z[51]=19.954334	
{0.781250, 19.954334},
zero=0.000000
z[52]=19.359804	
{0.796875, 19.359804},
zero=0.000000
z[53]=18.771860	
{0.812500, 18.771860},
zero=0.000000
z[54]=18.198101	
{0.828125, 18.198101},
zero=0.000000
z[55]=17.648881	
{0.843750, 17.648881},
zero=0.000000
z[56]=17.138425	
{0.859375, 17.138425},
zero=0.000000
z[57]=16.686495	
{0.875000, 16.686495},
zero=0.000000
z[58]=16.321081	
{0.890625, 16.321081},
zero=0.000000
z[59]=16.083225	
{0.906250, 16.083225},
zero=0.000000
z[60]=16.037548	
{0.921875, 16.037548},
zero=0.000000
z[61]=16.303262	
{0.937500, 16.303262},
zero=0.000000
z[62]=17.208615	
{0.953125, 17.208615},
zero=0.000000
m=-1.000000	R0=5.500000
result=16.037548	radius=60
