z[1]=45.146791	
{0, 45.146791},
zero=0.000000
z[3]=45.136865	
{0.031250, 45.136865},
zero=0.000000
z[3]=45.136865	
{0.031250, 45.136865},
zero=0.000000
z[4]=45.153285	
{0.046875, 45.153285},
zero=0.000000
z[5]=45.175227	
{0.062500, 45.175227},
zero=0.000000
z[6]=45.196898	
{0.078125, 45.196898},
zero=0.000000
z[7]=45.213848	
{0.093750, 45.213848},
zero=0.000000
z[8]=45.222743	
{0.109375, 45.222743},
zero=0.000000
z[9]=45.221082	
{0.125000, 45.221082},
zero=0.000000
z[10]=45.206994	
{0.140625, 45.206994},
zero=0.000000
z[11]=45.179091	
{0.156250, 45.179091},
zero=0.000000
z[12]=45.136337	
{0.171875, 45.136337},
zero=0.000000
z[13]=45.077965	
{0.187500, 45.077965},
zero=0.000000
z[14]=45.003395	
{0.203125, 45.003395},
zero=0.000000
z[15]=44.912189	
{0.218750, 44.912189},
zero=0.000000
z[16]=44.804009	
{0.234375, 44.804009},
zero=0.000000
z[17]=44.678592	
{0.250000, 44.678592},
zero=0.000000
z[18]=44.535728	
{0.265625, 44.535728},
zero=0.000000
z[19]=44.375249	
{0.281250, 44.375249},
zero=0.000000
z[20]=44.197017	
{0.296875, 44.197017},
zero=0.000000
z[21]=44.000917	
{0.312500, 44.000917},
zero=0.000000
z[22]=43.786854	
{0.328125, 43.786854},
zero=0.000000
z[23]=43.554746	
{0.343750, 43.554746},
zero=0.000000
z[24]=43.304526	
{0.359375, 43.304526},
zero=0.000000
z[25]=43.036132	
{0.375000, 43.036132},
zero=0.000000
z[26]=42.749515	
{0.390625, 42.749515},
zero=0.000000
z[27]=42.444630	
{0.406250, 42.444630},
zero=0.000000
z[28]=42.121440	
{0.421875, 42.121440},
zero=0.000000
z[29]=41.779912	
{0.437500, 41.779912},
zero=0.000000
z[30]=41.420020	
{0.453125, 41.420020},
zero=0.000000
z[31]=41.041743	
{0.468750, 41.041743},
zero=0.000000
z[32]=40.645065	
{0.484375, 40.645065},
zero=0.000000
z[33]=40.229977	
{0.500000, 40.229977},
zero=0.000000
z[34]=39.796477	
{0.515625, 39.796477},
zero=0.000000
z[35]=39.344573	
{0.531250, 39.344573},
zero=0.000000
z[36]=38.874283	
{0.546875, 38.874283},
zero=0.000000
z[37]=38.385639	
{0.562500, 38.385639},
zero=0.000000
z[38]=37.878692	
{0.578125, 37.878692},
zero=0.000000
z[39]=37.353519	
{0.593750, 37.353519},
zero=0.000000
z[40]=36.810229	
{0.609375, 36.810229},
zero=0.000000
z[41]=36.248972	
{0.625000, 36.248972},
zero=0.000000
z[42]=35.669962	
{0.640625, 35.669962},
zero=0.000000
z[43]=35.073489	
{0.656250, 35.073489},
zero=0.000000
z[44]=34.459949	
{0.671875, 34.459949},
zero=0.000000
z[45]=33.829882	
{0.687500, 33.829882},
zero=0.000000
z[46]=33.184024	
{0.703125, 33.184024},
zero=0.000000
z[47]=32.523369	
{0.718750, 32.523369},
zero=0.000000
z[48]=31.849266	
{0.734375, 31.849266},
zero=0.000000
z[49]=31.163536	
{0.750000, 31.163536},
zero=0.000000
z[50]=30.468643	
{0.765625, 30.468643},
zero=0.000000
z[51]=29.767915	
{0.781250, 29.767915},
zero=0.000000
z[52]=29.065847	
{0.796875, 29.065847},
zero=0.000000
z[53]=28.368514	
{0.812500, 28.368514},
zero=0.000000
z[54]=27.684126	
{0.828125, 27.684126},
zero=0.000000
z[55]=27.023804	
{0.843750, 27.023804},
zero=0.000000
z[56]=26.402654	
{0.859375, 26.402654},
zero=0.000000
z[57]=25.841307	
{0.875000, 25.841307},
zero=0.000000
z[58]=25.368236	
{0.890625, 25.368236},
zero=0.000000
z[59]=25.023468	
{0.906250, 25.023468},
zero=0.000000
z[60]=24.865327	
{0.921875, 24.865327},
zero=0.000000
z[61]=24.985043	
{0.937500, 24.985043},
zero=0.000000
z[62]=25.548511	
{0.953125, 25.548511},
zero=0.000000
z[63]=26.986078	
{0.968750, 26.986078},
zero=0.000000
m=-1.000000	R0=6.000000
result=24.865327	radius=60
