z[1]=64.404956	
{0, 64.404956},
zero=0.000000
z[5]=64.321994	
{0.062500, 64.321994},
zero=0.000000
z[5]=64.321994	
{0.062500, 64.321994},
zero=0.000000
z[6]=64.274495	
{0.078125, 64.274495},
zero=0.000000
z[7]=64.209035	
{0.093750, 64.209035},
zero=0.000000
z[8]=64.121425	
{0.109375, 64.121425},
zero=0.000000
z[9]=64.008669	
{0.125000, 64.008669},
zero=0.000000
z[10]=63.868666	
{0.140625, 63.868666},
zero=0.000000
z[11]=63.699951	
{0.156250, 63.699951},
zero=0.000000
z[12]=63.501498	
{0.171875, 63.501498},
zero=0.000000
z[13]=63.272577	
{0.187500, 63.272577},
zero=0.000000
z[14]=63.012657	
{0.203125, 63.012657},
zero=0.000000
z[15]=62.721341	
{0.218750, 62.721341},
zero=0.000000
z[16]=62.398327	
{0.234375, 62.398327},
zero=0.000000
z[17]=62.043378	
{0.250000, 62.043378},
zero=0.000000
z[18]=61.656302	
{0.265625, 61.656302},
zero=0.000000
z[19]=61.236947	
{0.281250, 61.236947},
zero=0.000000
z[20]=60.785183	
{0.296875, 60.785183},
zero=0.000000
z[21]=60.300902	
{0.312500, 60.300902},
zero=0.000000
z[22]=59.784015	
{0.328125, 59.784015},
zero=0.000000
z[23]=59.234442	
{0.343750, 59.234442},
zero=0.000000
z[24]=58.652117	
{0.359375, 58.652117},
zero=0.000000
z[25]=58.036979	
{0.375000, 58.036979},
zero=0.000000
z[26]=57.388979	
{0.390625, 57.388979},
zero=0.000000
z[27]=56.708071	
{0.406250, 56.708071},
zero=0.000000
z[28]=55.994213	
{0.421875, 55.994213},
zero=0.000000
z[29]=55.247372	
{0.437500, 55.247372},
zero=0.000000
z[30]=54.467514	
{0.453125, 54.467514},
zero=0.000000
z[31]=53.654612	
{0.468750, 53.654612},
zero=0.000000
z[32]=52.808640	
{0.484375, 52.808640},
zero=0.000000
z[33]=51.929574	
{0.500000, 51.929574},
zero=0.000000
z[34]=51.017396	
{0.515625, 51.017396},
zero=0.000000
z[35]=50.072086	
{0.531250, 50.072086},
zero=0.000000
z[36]=49.093630	
{0.546875, 49.093630},
zero=0.000000
z[37]=48.082016	
{0.562500, 48.082016},
zero=0.000000
z[38]=47.037233	
{0.578125, 47.037233},
zero=0.000000
z[39]=45.959276	
{0.593750, 45.959276},
zero=0.000000
z[40]=44.848146	
{0.609375, 44.848146},
zero=0.000000
z[41]=43.703848	
{0.625000, 43.703848},
zero=0.000000
z[42]=42.526400	
{0.640625, 42.526400},
zero=0.000000
z[43]=41.315831	
{0.656250, 41.315831},
zero=0.000000
z[44]=40.072195	
{0.671875, 40.072195},
zero=0.000000
z[45]=38.795574	
{0.687500, 38.795574},
zero=0.000000
z[46]=37.486095	
{0.703125, 37.486095},
zero=0.000000
z[47]=36.143957	
{0.718750, 36.143957},
zero=0.000000
z[48]=34.769460	
{0.734375, 34.769460},
zero=0.000000
z[49]=33.363062	
{0.750000, 33.363062},
zero=0.000000
z[50]=31.925465	
{0.765625, 31.925465},
zero=0.000000
z[51]=30.457747	
{0.781250, 30.457747},
zero=0.000000
z[52]=28.961589	
{0.796875, 28.961589},
zero=0.000000
z[53]=27.439641	
{0.812500, 27.439641},
zero=0.000000
z[54]=25.896159	
{0.828125, 25.896159},
zero=0.000000
z[55]=24.338119	
{0.843750, 24.338119},
zero=0.000000
z[56]=22.777194	
{0.859375, 22.777194},
zero=0.000000
z[57]=21.233333	
{0.875000, 21.233333},
zero=0.000000
z[58]=19.741316	
{0.890625, 19.741316},
zero=0.000000
z[59]=18.363096	
{0.906250, 18.363096},
zero=0.000000
z[60]=17.212901	
{0.921875, 17.212901},
zero=0.000000
z[61]=16.520431	
{0.937500, 16.520431},
zero=0.000000
z[62]=16.910125	
{0.953125, 16.910125},
zero=0.000000
m=-1.000000	R0=8.000000
result=16.520431	radius=61
