z[1]=61.729972	
{0, 61.729972},
zero=0.000000
z[3]=61.288396	
{0.031250, 61.288396},
zero=0.000000
z[3]=61.288396	
{0.031250, 61.288396},
zero=0.000000
z[4]=61.047843	
{0.046875, 61.047843},
zero=0.000000
z[5]=60.810990	
{0.062500, 60.810990},
zero=0.000000
z[6]=60.572027	
{0.078125, 60.572027},
zero=0.000000
z[7]=60.326631	
{0.093750, 60.326631},
zero=0.000000
z[8]=60.071620	
{0.109375, 60.071620},
zero=0.000000
z[9]=59.804629	
{0.125000, 59.804629},
zero=0.000000
z[10]=59.523880	
{0.140625, 59.523880},
zero=0.000000
z[11]=59.228038	
{0.156250, 59.228038},
zero=0.000000
z[12]=58.916090	
{0.171875, 58.916090},
zero=0.000000
z[13]=58.587265	
{0.187500, 58.587265},
zero=0.000000
z[14]=58.240970	
{0.203125, 58.240970},
zero=0.000000
z[15]=57.876748	
{0.218750, 57.876748},
zero=0.000000
z[16]=57.494238	
{0.234375, 57.494238},
zero=0.000000
z[17]=57.093155	
{0.250000, 57.093155},
zero=0.000000
z[18]=56.673269	
{0.265625, 56.673269},
zero=0.000000
z[19]=56.234392	
{0.281250, 56.234392},
zero=0.000000
z[20]=55.776371	
{0.296875, 55.776371},
zero=0.000000
z[21]=55.299077	
{0.312500, 55.299077},
zero=0.000000
z[22]=54.802400	
{0.328125, 54.802400},
zero=0.000000
z[23]=54.286250	
{0.343750, 54.286250},
zero=0.000000
z[24]=53.750548	
{0.359375, 53.750548},
zero=0.000000
z[25]=53.195225	
{0.375000, 53.195225},
zero=0.000000
z[26]=52.620224	
{0.390625, 52.620224},
zero=0.000000
z[27]=52.025496	
{0.406250, 52.025496},
zero=0.000000
z[28]=51.410996	
{0.421875, 51.410996},
zero=0.000000
z[29]=50.776692	
{0.437500, 50.776692},
zero=0.000000
z[30]=50.122552	
{0.453125, 50.122552},
zero=0.000000
z[31]=49.448557	
{0.468750, 49.448557},
zero=0.000000
z[32]=48.754692	
{0.484375, 48.754692},
zero=0.000000
z[33]=48.040951	
{0.500000, 48.040951},
zero=0.000000
z[34]=47.307341	
{0.515625, 47.307341},
zero=0.000000
z[35]=46.553879	
{0.531250, 46.553879},
zero=0.000000
z[36]=45.780600	
{0.546875, 45.780600},
zero=0.000000
z[37]=44.987560	
{0.562500, 44.987560},
zero=0.000000
z[38]=44.174843	
{0.578125, 44.174843},
zero=0.000000
z[39]=43.342570	
{0.593750, 43.342570},
zero=0.000000
z[40]=42.490913	
{0.609375, 42.490913},
zero=0.000000
z[41]=41.620108	
{0.625000, 41.620108},
zero=0.000000
z[42]=40.730481	
{0.640625, 40.730481},
zero=0.000000
z[43]=39.822479	
{0.656250, 39.822479},
zero=0.000000
z[44]=38.896706	
{0.671875, 38.896706},
zero=0.000000
z[45]=37.953987	
{0.687500, 37.953987},
zero=0.000000
z[46]=36.995432	
{0.703125, 36.995432},
zero=0.000000
z[47]=36.022545	
{0.718750, 36.022545},
zero=0.000000
z[48]=35.037351	
{0.734375, 35.037351},
zero=0.000000
z[49]=34.042577	
{0.750000, 34.042577},
zero=0.000000
z[50]=33.041889	
{0.765625, 33.041889},
zero=0.000000
z[51]=32.040207	
{0.781250, 32.040207},
zero=0.000000
z[52]=31.044123	
{0.796875, 31.044123},
zero=0.000000
z[53]=30.062460	
{0.812500, 30.062460},
zero=0.000000
z[54]=29.107002	
{0.828125, 29.107002},
zero=0.000000
z[55]=28.193473	
{0.843750, 28.193473},
zero=0.000000
z[56]=27.342848	
{0.859375, 27.342848},
zero=0.000000
z[57]=26.583143	
{0.875000, 26.583143},
zero=0.000000
z[58]=25.952001	
{0.890625, 25.952001},
zero=0.000000
z[59]=25.500723	
{0.906250, 25.500723},
zero=0.000000
z[60]=25.301634	
{0.921875, 25.301634},
zero=0.000000
z[61]=25.464719	
{0.937500, 25.464719},
zero=0.000000
z[62]=26.188023	
{0.953125, 26.188023},
zero=0.000000
z[63]=27.995792	
{0.968750, 27.995792},
zero=0.000000
m=1.000000	R0=6.000000
result=25.301634	radius=60
