z[1]=33.972546	
{0, 33.972546},
zero=0.000000
z[3]=33.965645	
{0.031250, 33.965645},
zero=0.000000
z[3]=33.965645	
{0.031250, 33.965645},
zero=0.000000
z[4]=33.983157	
{0.046875, 33.983157},
zero=0.000000
z[5]=34.007812	
{0.062500, 34.007812},
zero=0.000000
z[6]=34.035270	
{0.078125, 34.035270},
zero=0.000000
z[7]=34.062145	
{0.093750, 34.062145},
zero=0.000000
z[8]=34.085839	
{0.109375, 34.085839},
zero=0.000000
z[9]=34.104331	
{0.125000, 34.104331},
zero=0.000000
z[10]=34.116039	
{0.140625, 34.116039},
zero=0.000000
z[11]=34.119724	
{0.156250, 34.119724},
zero=0.000000
z[12]=34.114425	
{0.171875, 34.114425},
zero=0.000000
z[13]=34.099389	
{0.187500, 34.099389},
zero=0.000000
z[14]=34.074035	
{0.203125, 34.074035},
zero=0.000000
z[15]=34.037906	
{0.218750, 34.037906},
zero=0.000000
z[16]=33.990645	
{0.234375, 33.990645},
zero=0.000000
z[17]=33.931969	
{0.250000, 33.931969},
zero=0.000000
z[18]=33.861653	
{0.265625, 33.861653},
zero=0.000000
z[19]=33.779515	
{0.281250, 33.779515},
zero=0.000000
z[20]=33.685407	
{0.296875, 33.685407},
zero=0.000000
z[21]=33.579210	
{0.312500, 33.579210},
zero=0.000000
z[22]=33.460821	
{0.328125, 33.460821},
zero=0.000000
z[23]=33.330159	
{0.343750, 33.330159},
zero=0.000000
z[24]=33.187152	
{0.359375, 33.187152},
zero=0.000000
z[25]=33.031742	
{0.375000, 33.031742},
zero=0.000000
z[26]=32.863881	
{0.390625, 32.863881},
zero=0.000000
z[27]=32.683528	
{0.406250, 32.683528},
zero=0.000000
z[28]=32.490652	
{0.421875, 32.490652},
zero=0.000000
z[29]=32.285229	
{0.437500, 32.285229},
zero=0.000000
z[30]=32.067243	
{0.453125, 32.067243},
zero=0.000000
z[31]=31.836686	
{0.468750, 31.836686},
zero=0.000000
z[32]=31.593559	
{0.484375, 31.593559},
zero=0.000000
z[33]=31.337876	
{0.500000, 31.337876},
zero=0.000000
z[34]=31.069661	
{0.515625, 31.069661},
zero=0.000000
z[35]=30.788956	
{0.531250, 30.788956},
zero=0.000000
z[36]=30.495822	
{0.546875, 30.495822},
zero=0.000000
z[37]=30.190343	
{0.562500, 30.190343},
zero=0.000000
z[38]=29.872635	
{0.578125, 29.872635},
zero=0.000000
z[39]=29.542854	
{0.593750, 29.542854},
zero=0.000000
z[40]=29.201203	
{0.609375, 29.201203},
zero=0.000000
z[41]=28.847952	
{0.625000, 28.847952},
zero=0.000000
z[42]=28.483452	
{0.640625, 28.483452},
zero=0.000000
z[43]=28.108157	
{0.656250, 28.108157},
zero=0.000000
z[44]=27.722658	
{0.671875, 27.722658},
zero=0.000000
z[45]=27.327719	
{0.687500, 27.327719},
zero=0.000000
z[46]=26.924326	
{0.703125, 26.924326},
zero=0.000000
z[47]=26.513750	
{0.718750, 26.513750},
zero=0.000000
z[48]=26.097628	
{0.734375, 26.097628},
zero=0.000000
z[49]=25.678071	
{0.750000, 25.678071},
zero=0.000000
z[50]=25.257791	
{0.765625, 25.257791},
zero=0.000000
z[51]=24.840279	
{0.781250, 24.840279},
zero=0.000000
z[52]=24.430026	
{0.796875, 24.430026},
zero=0.000000
z[53]=24.032816	
{0.812500, 24.032816},
zero=0.000000
z[54]=23.656103	
{0.828125, 23.656103},
zero=0.000000
z[55]=23.309529	
{0.843750, 23.309529},
zero=0.000000
z[56]=23.005621	
{0.859375, 23.005621},
zero=0.000000
z[57]=22.760808	
{0.875000, 22.760808},
zero=0.000000
z[58]=22.596968	
{0.890625, 22.596968},
zero=0.000000
z[59]=22.544053	
{0.906250, 22.544053},
zero=0.000000
z[60]=22.645131	
{0.921875, 22.645131},
zero=0.000000
z[61]=22.967984	
{0.937500, 22.967984},
zero=0.000000
z[62]=23.639380	
{0.953125, 23.639380},
zero=0.000000
z[63]=25.001405	
{0.968750, 25.001405},
zero=0.000000
m=-1.000000	R0=5.000000
result=22.544053	radius=59
