z[1]=46.776798	
{0, 46.776798},
zero=0.000000
z[3]=46.769205	
{0.031250, 46.769205},
zero=0.000000
z[3]=46.769205	
{0.031250, 46.769205},
zero=0.000000
z[4]=46.788800	
{0.046875, 46.788800},
zero=0.000000
z[5]=46.814178	
{0.062500, 46.814178},
zero=0.000000
z[6]=46.839264	
{0.078125, 46.839264},
zero=0.000000
z[7]=46.859419	
{0.093750, 46.859419},
zero=0.000000
z[8]=46.871170	
{0.109375, 46.871170},
zero=0.000000
z[9]=46.871892	
{0.125000, 46.871892},
zero=0.000000
z[10]=46.859595	
{0.140625, 46.859595},
zero=0.000000
z[11]=46.832773	
{0.156250, 46.832773},
zero=0.000000
z[12]=46.790283	
{0.171875, 46.790283},
zero=0.000000
z[13]=46.731259	
{0.187500, 46.731259},
zero=0.000000
z[14]=46.655036	
{0.203125, 46.655036},
zero=0.000000
z[15]=46.561104	
{0.218750, 46.561104},
zero=0.000000
z[16]=46.449064	
{0.234375, 46.449064},
zero=0.000000
z[17]=46.318602	
{0.250000, 46.318602},
zero=0.000000
z[18]=46.169469	
{0.265625, 46.169469},
zero=0.000000
z[19]=46.001461	
{0.281250, 46.001461},
zero=0.000000
z[20]=45.814411	
{0.296875, 45.814411},
zero=0.000000
z[21]=45.608183	
{0.312500, 45.608183},
zero=0.000000
z[22]=45.382661	
{0.328125, 45.382661},
zero=0.000000
z[23]=45.137747	
{0.343750, 45.137747},
zero=0.000000
z[24]=44.873358	
{0.359375, 44.873358},
zero=0.000000
z[25]=44.589423	
{0.375000, 44.589423},
zero=0.000000
z[26]=44.285879	
{0.390625, 44.285879},
zero=0.000000
z[27]=43.962675	
{0.406250, 43.962675},
zero=0.000000
z[28]=43.619764	
{0.421875, 43.619764},
zero=0.000000
z[29]=43.257108	
{0.437500, 43.257108},
zero=0.000000
z[30]=42.874676	
{0.453125, 42.874676},
zero=0.000000
z[31]=42.472441	
{0.468750, 42.472441},
zero=0.000000
z[32]=42.050386	
{0.484375, 42.050386},
zero=0.000000
z[33]=41.608500	
{0.500000, 41.608500},
zero=0.000000
z[34]=41.146780	
{0.515625, 41.146780},
zero=0.000000
z[35]=40.665236	
{0.531250, 40.665236},
zero=0.000000
z[36]=40.163890	
{0.546875, 40.163890},
zero=0.000000
z[37]=39.642780	
{0.562500, 39.642780},
zero=0.000000
z[38]=39.101970	
{0.578125, 39.101970},
zero=0.000000
z[39]=38.541550	
{0.593750, 38.541550},
zero=0.000000
z[40]=37.961651	
{0.609375, 37.961651},
zero=0.000000
z[41]=37.362456	
{0.625000, 37.362456},
zero=0.000000
z[42]=36.744219	
{0.640625, 36.744219},
zero=0.000000
z[43]=36.107287	
{0.656250, 36.107287},
zero=0.000000
z[44]=35.452134	
{0.671875, 35.452134},
zero=0.000000
z[45]=34.779406	
{0.687500, 34.779406},
zero=0.000000
z[46]=34.089977	
{0.703125, 34.089977},
zero=0.000000
z[47]=33.385031	
{0.718750, 33.385031},
zero=0.000000
z[48]=32.666167	
{0.734375, 32.666167},
zero=0.000000
z[49]=31.935544	
{0.750000, 31.935544},
zero=0.000000
z[50]=31.196072	
{0.765625, 31.196072},
zero=0.000000
z[51]=30.451674	
{0.781250, 30.451674},
zero=0.000000
z[52]=29.707627	
{0.796875, 29.707627},
zero=0.000000
z[53]=28.971039	
{0.812500, 28.971039},
zero=0.000000
z[54]=28.251470	
{0.828125, 28.251470},
zero=0.000000
z[55]=27.561795	
{0.843750, 27.561795},
zero=0.000000
z[56]=26.919380	
{0.859375, 26.919380},
zero=0.000000
z[57]=26.347744	
{0.875000, 26.347744},
zero=0.000000
z[58]=25.879007	
{0.890625, 25.879007},
zero=0.000000
z[59]=25.557799	
{0.906250, 25.557799},
zero=0.000000
z[60]=25.448317	
{0.921875, 25.448317},
zero=0.000000
z[61]=25.649833	
{0.937500, 25.649833},
zero=0.000000
z[62]=26.341848	
{0.953125, 26.341848},
zero=0.000000
z[63]=27.993100	
{0.968750, 27.993100},
zero=0.000000
m=-1.000000	R0=6.000000
result=25.448317	radius=60
