z[1]=28.479988	
{0, 28.479988},
zero=0.000000
z[5]=28.442660	
{0.062500, 28.442660},
zero=0.000000
z[5]=28.442660	
{0.062500, 28.442660},
zero=0.000000
z[6]=28.438488	
{0.078125, 28.438488},
zero=0.000000
z[7]=28.432860	
{0.093750, 28.432860},
zero=0.000000
z[8]=28.423548	
{0.109375, 28.423548},
zero=0.000000
z[9]=28.408743	
{0.125000, 28.408743},
zero=0.000000
z[10]=28.386993	
{0.140625, 28.386993},
zero=0.000000
z[11]=28.357139	
{0.156250, 28.357139},
zero=0.000000
z[12]=28.318260	
{0.171875, 28.318260},
zero=0.000000
z[13]=28.269631	
{0.187500, 28.269631},
zero=0.000000
z[14]=28.210681	
{0.203125, 28.210681},
zero=0.000000
z[15]=28.140960	
{0.218750, 28.140960},
zero=0.000000
z[16]=28.060112	
{0.234375, 28.060112},
zero=0.000000
z[17]=27.967857	
{0.250000, 27.967857},
zero=0.000000
z[18]=27.863967	
{0.265625, 27.863967},
zero=0.000000
z[19]=27.748260	
{0.281250, 27.748260},
zero=0.000000
z[20]=27.620588	
{0.296875, 27.620588},
zero=0.000000
z[21]=27.480830	
{0.312500, 27.480830},
zero=0.000000
z[22]=27.328883	
{0.328125, 27.328883},
zero=0.000000
z[23]=27.164664	
{0.343750, 27.164664},
zero=0.000000
z[24]=26.988101	
{0.359375, 26.988101},
zero=0.000000
z[25]=26.799136	
{0.375000, 26.799136},
zero=0.000000
z[26]=26.597718	
{0.390625, 26.597718},
zero=0.000000
z[27]=26.383806	
{0.406250, 26.383806},
zero=0.000000
z[28]=26.157366	
{0.421875, 26.157366},
zero=0.000000
z[29]=25.918372	
{0.437500, 25.918372},
zero=0.000000
z[30]=25.666806	
{0.453125, 25.666806},
zero=0.000000
z[31]=25.402655	
{0.468750, 25.402655},
zero=0.000000
z[32]=25.125919	
{0.484375, 25.125919},
zero=0.000000
z[33]=24.836602	
{0.500000, 24.836602},
zero=0.000000
z[34]=24.534723	
{0.515625, 24.534723},
zero=0.000000
z[35]=24.220314	
{0.531250, 24.220314},
zero=0.000000
z[36]=23.893423	
{0.546875, 23.893423},
zero=0.000000
z[37]=23.554120	
{0.562500, 23.554120},
zero=0.000000
z[38]=23.202499	
{0.578125, 23.202499},
zero=0.000000
z[39]=22.838690	
{0.593750, 22.838690},
zero=0.000000
z[40]=22.462865	
{0.609375, 22.462865},
zero=0.000000
z[41]=22.075251	
{0.625000, 22.075251},
zero=0.000000
z[42]=21.676144	
{0.640625, 21.676144},
zero=0.000000
z[43]=21.265932	
{0.656250, 21.265932},
zero=0.000000
z[44]=20.845122	
{0.671875, 20.845122},
zero=0.000000
z[45]=20.414371	
{0.687500, 20.414371},
zero=0.000000
z[46]=19.974533	
{0.703125, 19.974533},
zero=0.000000
z[47]=19.526720	
{0.718750, 19.526720},
zero=0.000000
z[48]=19.072378	
{0.734375, 19.072378},
zero=0.000000
z[49]=18.613391	
{0.750000, 18.613391},
zero=0.000000
z[50]=18.152216	
{0.765625, 18.152216},
zero=0.000000
z[51]=17.692068	
{0.781250, 17.692068},
zero=0.000000
z[52]=17.237163	
{0.796875, 17.237163},
zero=0.000000
z[53]=16.793055	
{0.812500, 16.793055},
zero=0.000000
z[54]=16.367093	
{0.828125, 16.367093},
zero=0.000000
z[55]=15.969059	
{0.843750, 15.969059},
zero=0.000000
z[56]=15.612104	
{0.859375, 15.612104},
zero=0.000000
z[57]=15.314152	
{0.875000, 15.314152},
zero=0.000000
z[58]=15.100231	
{0.890625, 15.100231},
zero=0.000000
z[59]=15.006885	
{0.906250, 15.006885},
zero=0.000000
z[60]=15.092347	
{0.921875, 15.092347},
zero=0.000000
z[61]=15.468086	
{0.937500, 15.468086},
zero=0.000000
z[62]=16.462363	
{0.953125, 16.462363},
zero=0.000000
m=-1.000000	R0=5.000000
result=15.006885	radius=59
