z[1]=49.657244	
{0, 49.657244},
zero=0.000000
z[3]=49.651287	
{0.031250, 49.651287},
zero=0.000000
z[3]=49.651287	
{0.031250, 49.651287},
zero=0.000000
z[4]=49.671502	
{0.046875, 49.671502},
zero=0.000000
z[5]=49.697069	
{0.062500, 49.697069},
zero=0.000000
z[6]=49.721535	
{0.078125, 49.721535},
zero=0.000000
z[7]=49.740007	
{0.093750, 49.740007},
zero=0.000000
z[8]=49.748843	
{0.109375, 49.748843},
zero=0.000000
z[9]=49.745309	
{0.125000, 49.745309},
zero=0.000000
z[10]=49.727350	
{0.140625, 49.727350},
zero=0.000000
z[11]=49.693421	
{0.156250, 49.693421},
zero=0.000000
z[12]=49.642359	
{0.171875, 49.642359},
zero=0.000000
z[13]=49.573287	
{0.187500, 49.573287},
zero=0.000000
z[14]=49.485536	
{0.203125, 49.485536},
zero=0.000000
z[15]=49.378593	
{0.218750, 49.378593},
zero=0.000000
z[16]=49.252059	
{0.234375, 49.252059},
zero=0.000000
z[17]=49.105620	
{0.250000, 49.105620},
zero=0.000000
z[18]=48.939025	
{0.265625, 48.939025},
zero=0.000000
z[19]=48.752072	
{0.281250, 48.752072},
zero=0.000000
z[20]=48.544593	
{0.296875, 48.544593},
zero=0.000000
z[21]=48.316451	
{0.312500, 48.316451},
zero=0.000000
z[22]=48.067530	
{0.328125, 48.067530},
zero=0.000000
z[23]=47.797731	
{0.343750, 47.797731},
zero=0.000000
z[24]=47.506970	
{0.359375, 47.506970},
zero=0.000000
z[25]=47.195176	
{0.375000, 47.195176},
zero=0.000000
z[26]=46.862285	
{0.390625, 46.862285},
zero=0.000000
z[27]=46.508243	
{0.406250, 46.508243},
zero=0.000000
z[28]=46.133005	
{0.421875, 46.133005},
zero=0.000000
z[29]=45.736529	
{0.437500, 45.736529},
zero=0.000000
z[30]=45.318783	
{0.453125, 45.318783},
zero=0.000000
z[31]=44.879739	
{0.468750, 44.879739},
zero=0.000000
z[32]=44.419376	
{0.484375, 44.419376},
zero=0.000000
z[33]=43.937679	
{0.500000, 43.937679},
zero=0.000000
z[34]=43.434644	
{0.515625, 43.434644},
zero=0.000000
z[35]=42.910273	
{0.531250, 42.910273},
zero=0.000000
z[36]=42.364583	
{0.546875, 42.364583},
zero=0.000000
z[37]=41.797604	
{0.562500, 41.797604},
zero=0.000000
z[38]=41.209389	
{0.578125, 41.209389},
zero=0.000000
z[39]=40.600017	
{0.593750, 40.600017},
zero=0.000000
z[40]=39.969602	
{0.609375, 39.969602},
zero=0.000000
z[41]=39.318308	
{0.625000, 39.318308},
zero=0.000000
z[42]=38.646364	
{0.640625, 38.646364},
zero=0.000000
z[43]=37.954088	
{0.656250, 37.954088},
zero=0.000000
z[44]=37.241920	
{0.671875, 37.241920},
zero=0.000000
z[45]=36.510462	
{0.687500, 36.510462},
zero=0.000000
z[46]=35.760542	
{0.703125, 35.760542},
zero=0.000000
z[47]=34.993288	
{0.718750, 34.993288},
zero=0.000000
z[48]=34.210242	
{0.734375, 34.210242},
zero=0.000000
z[49]=33.413502	
{0.750000, 33.413502},
zero=0.000000
z[50]=32.605927	
{0.765625, 32.605927},
zero=0.000000
z[51]=31.791403	
{0.781250, 31.791403},
zero=0.000000
z[52]=30.975214	
{0.796875, 30.975214},
zero=0.000000
z[53]=30.164535	
{0.812500, 30.164535},
zero=0.000000
z[54]=29.369113	
{0.828125, 29.369113},
zero=0.000000
z[55]=28.602186	
{0.843750, 28.602186},
zero=0.000000
z[56]=27.881764	
{0.859375, 27.881764},
zero=0.000000
z[57]=27.232431	
{0.875000, 27.232431},
zero=0.000000
z[58]=26.687993	
{0.890625, 26.687993},
zero=0.000000
z[59]=26.295657	
{0.906250, 26.295657},
zero=0.000000
z[60]=26.123485	
{0.921875, 26.123485},
zero=0.000000
z[61]=26.276457	
{0.937500, 26.276457},
zero=0.000000
z[62]=26.942597	
{0.953125, 26.942597},
zero=0.000000
z[63]=28.604237	
{0.968750, 28.604237},
zero=0.000000
m=-1.000000	R0=6.200000
result=26.123485	radius=60
