z[1]=61.522916	
{0, 61.522916},
zero=0.000000
z[3]=61.083242	
{0.031250, 61.083242},
zero=0.000000
z[3]=61.083242	
{0.031250, 61.083242},
zero=0.000000
z[4]=60.843975	
{0.046875, 60.843975},
zero=0.000000
z[5]=60.608319	
{0.062500, 60.608319},
zero=0.000000
z[6]=60.370480	
{0.078125, 60.370480},
zero=0.000000
z[7]=60.126155	
{0.093750, 60.126155},
zero=0.000000
z[8]=59.872183	
{0.109375, 59.872183},
zero=0.000000
z[9]=59.606210	
{0.125000, 59.606210},
zero=0.000000
z[10]=59.326477	
{0.140625, 59.326477},
zero=0.000000
z[11]=59.031656	
{0.156250, 59.031656},
zero=0.000000
z[12]=58.720744	
{0.171875, 58.720744},
zero=0.000000
z[13]=58.392977	
{0.187500, 58.392977},
zero=0.000000
z[14]=58.047770	
{0.203125, 58.047770},
zero=0.000000
z[15]=57.684668	
{0.218750, 57.684668},
zero=0.000000
z[16]=57.303315	
{0.234375, 57.303315},
zero=0.000000
z[17]=56.903428	
{0.250000, 56.903428},
zero=0.000000
z[18]=56.484780	
{0.265625, 56.484780},
zero=0.000000
z[19]=56.047186	
{0.281250, 56.047186},
zero=0.000000
z[20]=55.590491	
{0.296875, 55.590491},
zero=0.000000
z[21]=55.114570	
{0.312500, 55.114570},
zero=0.000000
z[22]=54.619314	
{0.328125, 54.619314},
zero=0.000000
z[23]=54.104632	
{0.343750, 54.104632},
zero=0.000000
z[24]=53.570447	
{0.359375, 53.570447},
zero=0.000000
z[25]=53.016692	
{0.375000, 53.016692},
zero=0.000000
z[26]=52.443308	
{0.390625, 52.443308},
zero=0.000000
z[27]=51.850246	
{0.406250, 51.850246},
zero=0.000000
z[28]=51.237465	
{0.421875, 51.237465},
zero=0.000000
z[29]=50.604930	
{0.437500, 50.604930},
zero=0.000000
z[30]=49.952611	
{0.453125, 49.952611},
zero=0.000000
z[31]=49.280488	
{0.468750, 49.280488},
zero=0.000000
z[32]=48.588548	
{0.484375, 48.588548},
zero=0.000000
z[33]=47.876785	
{0.500000, 47.876785},
zero=0.000000
z[34]=47.145204	
{0.515625, 47.145204},
zero=0.000000
z[35]=46.393825	
{0.531250, 46.393825},
zero=0.000000
z[36]=45.622683	
{0.546875, 45.622683},
zero=0.000000
z[37]=44.831834	
{0.562500, 44.831834},
zero=0.000000
z[38]=44.021362	
{0.578125, 44.021362},
zero=0.000000
z[39]=43.191390	
{0.593750, 43.191390},
zero=0.000000
z[40]=42.342090	
{0.609375, 42.342090},
zero=0.000000
z[41]=41.473699	
{0.625000, 41.473699},
zero=0.000000
z[42]=40.586545	
{0.640625, 40.586545},
zero=0.000000
z[43]=39.681076	
{0.656250, 39.681076},
zero=0.000000
z[44]=38.757901	
{0.671875, 38.757901},
zero=0.000000
z[45]=37.817847	
{0.687500, 37.817847},
zero=0.000000
z[46]=36.862030	
{0.703125, 36.862030},
zero=0.000000
z[47]=35.891961	
{0.718750, 35.891961},
zero=0.000000
z[48]=34.909672	
{0.734375, 34.909672},
zero=0.000000
z[49]=33.917905	
{0.750000, 33.917905},
zero=0.000000
z[50]=32.920339	
{0.765625, 32.920339},
zero=0.000000
z[51]=31.921916	
{0.781250, 31.921916},
zero=0.000000
z[52]=30.929256	
{0.796875, 30.929256},
zero=0.000000
z[53]=29.951216	
{0.812500, 29.951216},
zero=0.000000
z[54]=28.999627	
{0.828125, 28.999627},
zero=0.000000
z[55]=28.090270	
{0.843750, 28.090270},
zero=0.000000
z[56]=27.244189	
{0.859375, 27.244189},
zero=0.000000
z[57]=26.489491	
{0.875000, 26.489491},
zero=0.000000
z[58]=25.863918	
{0.890625, 25.863918},
zero=0.000000
z[59]=25.418895	
{0.906250, 25.418895},
zero=0.000000
z[60]=25.226886	
{0.921875, 25.226886},
zero=0.000000
z[61]=25.398066	
{0.937500, 25.398066},
zero=0.000000
z[62]=26.130872	
{0.953125, 26.130872},
zero=0.000000
z[63]=27.951021	
{0.968750, 27.951021},
zero=0.000000
m=1.000000	R0=6.000000
result=25.226886	radius=60
