z[1]=14.193656	
{0, 14.193656},
zero=0.000000
z[3]=14.196684	
{0.031250, 14.196684},
zero=0.000000
z[3]=14.196684	
{0.031250, 14.196684},
zero=0.000000
z[4]=14.211770	
{0.046875, 14.211770},
zero=0.000000
z[5]=14.233139	
{0.062500, 14.233139},
zero=0.000000
z[6]=14.259092	
{0.078125, 14.259092},
zero=0.000000
z[7]=14.288347	
{0.093750, 14.288347},
zero=0.000000
z[8]=14.319947	
{0.109375, 14.319947},
zero=0.000000
z[9]=14.353138	
{0.125000, 14.353138},
zero=0.000000
z[10]=14.387310	
{0.140625, 14.387310},
zero=0.000000
z[11]=14.421957	
{0.156250, 14.421957},
zero=0.000000
z[12]=14.456649	
{0.171875, 14.456649},
zero=0.000000
z[13]=14.491020	
{0.187500, 14.491020},
zero=0.000000
z[14]=14.524752	
{0.203125, 14.524752},
zero=0.000000
z[15]=14.557574	
{0.218750, 14.557574},
zero=0.000000
z[16]=14.589251	
{0.234375, 14.589251},
zero=0.000000
z[17]=14.619580	
{0.250000, 14.619580},
zero=0.000000
z[18]=14.648387	
{0.265625, 14.648387},
zero=0.000000
z[19]=14.675528	
{0.281250, 14.675528},
zero=0.000000
z[20]=14.700879	
{0.296875, 14.700879},
zero=0.000000
z[21]=14.724340	
{0.312500, 14.724340},
zero=0.000000
z[22]=14.745831	
{0.328125, 14.745831},
zero=0.000000
z[23]=14.765291	
{0.343750, 14.765291},
zero=0.000000
z[24]=14.782679	
{0.359375, 14.782679},
zero=0.000000
z[25]=14.797968	
{0.375000, 14.797968},
zero=0.000000
z[26]=14.811150	
{0.390625, 14.811150},
zero=0.000000
z[27]=14.822234	
{0.406250, 14.822234},
zero=0.000000
z[28]=14.831244	
{0.421875, 14.831244},
zero=0.000000
z[29]=14.838225	
{0.437500, 14.838225},
zero=0.000000
z[30]=14.843236	
{0.453125, 14.843236},
zero=0.000000
z[31]=14.846357	
{0.468750, 14.846357},
zero=0.000000
z[32]=14.847689	
{0.484375, 14.847689},
zero=0.000000
z[33]=14.847353	
{0.500000, 14.847353},
zero=0.000000
z[34]=14.845497	
{0.515625, 14.845497},
zero=0.000000
z[35]=14.842293	
{0.531250, 14.842293},
zero=0.000000
z[36]=14.837945	
{0.546875, 14.837945},
zero=0.000000
z[37]=14.832687	
{0.562500, 14.832687},
zero=0.000000
z[38]=14.826793	
{0.578125, 14.826793},
zero=0.000000
z[39]=14.820575	
{0.593750, 14.820575},
zero=0.000000
z[40]=14.814393	
{0.609375, 14.814393},
zero=0.000000
z[41]=14.808660	
{0.625000, 14.808660},
zero=0.000000
z[42]=14.803848	
{0.640625, 14.803848},
zero=0.000000
z[43]=14.800493	
{0.656250, 14.800493},
zero=0.000000
z[44]=14.799211	
{0.671875, 14.799211},
zero=0.000000
z[45]=14.800703	
{0.687500, 14.800703},
zero=0.000000
z[46]=14.805768	
{0.703125, 14.805768},
zero=0.000000
z[47]=14.815321	
{0.718750, 14.815321},
zero=0.000000
z[48]=14.830407	
{0.734375, 14.830407},
zero=0.000000
z[49]=14.852227	
{0.750000, 14.852227},
zero=0.000000
z[50]=14.882163	
{0.765625, 14.882163},
zero=0.000000
z[51]=14.921817	
{0.781250, 14.921817},
zero=0.000000
z[52]=14.973053	
{0.796875, 14.973053},
zero=0.000000
z[53]=15.038073	
{0.812500, 15.038073},
zero=0.000000
z[54]=15.119501	
{0.828125, 15.119501},
zero=0.000000
z[55]=15.220533	
{0.843750, 15.220533},
zero=0.000000
z[56]=15.345143	
{0.859375, 15.345143},
zero=0.000000
z[57]=15.498447	
{0.875000, 15.498447},
zero=0.000000
z[58]=15.687300	
{0.890625, 15.687300},
zero=0.000000
z[59]=15.921424	
{0.906250, 15.921424},
zero=0.000000
z[60]=16.215686	
{0.921875, 16.215686},
zero=0.000000
z[61]=16.595375	
{0.937500, 16.595375},
zero=0.000000
z[62]=17.111285	
{0.953125, 17.111285},
zero=0.000000
z[63]=17.902461	
{0.968750, 17.902461},
zero=0.000000
m=-1.000000	R0=2.500000
result=14.193656	radius=1
