z[1]=73.145018	
{0, 73.145018},
zero=0.000000
z[3]=73.126918	
{0.031250, 73.126918},
zero=0.000000
z[3]=73.126918	
{0.031250, 73.126918},
zero=0.000000
z[4]=73.135164	
{0.046875, 73.135164},
zero=0.000000
z[5]=73.141555	
{0.062500, 73.141555},
zero=0.000000
z[6]=73.137010	
{0.078125, 73.137010},
zero=0.000000
z[7]=73.114948	
{0.093750, 73.114948},
zero=0.000000
z[8]=73.070813	
{0.109375, 73.070813},
zero=0.000000
z[9]=73.001490	
{0.125000, 73.001490},
zero=0.000000
z[10]=72.904862	
{0.140625, 72.904862},
zero=0.000000
z[11]=72.779478	
{0.156250, 72.779478},
zero=0.000000
z[12]=72.624332	
{0.171875, 72.624332},
zero=0.000000
z[13]=72.438707	
{0.187500, 72.438707},
zero=0.000000
z[14]=72.222081	
{0.203125, 72.222081},
zero=0.000000
z[15]=71.974064	
{0.218750, 71.974064},
zero=0.000000
z[16]=71.694354	
{0.234375, 71.694354},
zero=0.000000
z[17]=71.382713	
{0.250000, 71.382713},
zero=0.000000
z[18]=71.038953	
{0.265625, 71.038953},
zero=0.000000
z[19]=70.662917	
{0.281250, 70.662917},
zero=0.000000
z[20]=70.254477	
{0.296875, 70.254477},
zero=0.000000
z[21]=69.813524	
{0.312500, 69.813524},
zero=0.000000
z[22]=69.339967	
{0.328125, 69.339967},
zero=0.000000
z[23]=68.833727	
{0.343750, 68.833727},
zero=0.000000
z[24]=68.294737	
{0.359375, 68.294737},
zero=0.000000
z[25]=67.722936	
{0.375000, 67.722936},
zero=0.000000
z[26]=67.118274	
{0.390625, 67.118274},
zero=0.000000
z[27]=66.480705	
{0.406250, 66.480705},
zero=0.000000
z[28]=65.810188	
{0.421875, 65.810188},
zero=0.000000
z[29]=65.106688	
{0.437500, 65.106688},
zero=0.000000
z[30]=64.370174	
{0.453125, 64.370174},
zero=0.000000
z[31]=63.600617	
{0.468750, 63.600617},
zero=0.000000
z[32]=62.797991	
{0.484375, 62.797991},
zero=0.000000
z[33]=61.962277	
{0.500000, 61.962277},
zero=0.000000
z[34]=61.093453	
{0.515625, 61.093453},
zero=0.000000
z[35]=60.191505	
{0.531250, 60.191505},
zero=0.000000
z[36]=59.256422	
{0.546875, 59.256422},
zero=0.000000
z[37]=58.288194	
{0.562500, 58.288194},
zero=0.000000
z[38]=57.286821	
{0.578125, 57.286821},
zero=0.000000
z[39]=56.252307	
{0.593750, 56.252307},
zero=0.000000
z[40]=55.184669	
{0.609375, 55.184669},
zero=0.000000
z[41]=54.083937	
{0.625000, 54.083937},
zero=0.000000
z[42]=52.950165	
{0.640625, 52.950165},
zero=0.000000
z[43]=51.783436	
{0.656250, 51.783436},
zero=0.000000
z[44]=50.583882	
{0.671875, 50.583882},
zero=0.000000
z[45]=49.351702	
{0.687500, 49.351702},
zero=0.000000
z[46]=48.087199	
{0.703125, 48.087199},
zero=0.000000
z[47]=46.790825	
{0.718750, 46.790825},
zero=0.000000
z[48]=45.463256	
{0.734375, 45.463256},
zero=0.000000
z[49]=44.105502	
{0.750000, 44.105502},
zero=0.000000
z[50]=42.719062	
{0.765625, 42.719062},
zero=0.000000
z[51]=41.306169	
{0.781250, 41.306169},
zero=0.000000
z[52]=39.870136	
{0.796875, 39.870136},
zero=0.000000
z[53]=38.415893	
{0.812500, 38.415893},
zero=0.000000
z[54]=36.950764	
{0.828125, 36.950764},
zero=0.000000
z[55]=35.485659	
{0.843750, 35.485659},
zero=0.000000
z[56]=34.036849	
{0.859375, 34.036849},
zero=0.000000
z[57]=32.628711	
{0.875000, 32.628711},
zero=0.000000
z[58]=31.298000	
{0.890625, 31.298000},
zero=0.000000
z[59]=30.100800	
{0.906250, 30.100800},
zero=0.000000
z[60]=29.124626	
{0.921875, 29.124626},
zero=0.000000
z[61]=28.512476	
{0.937500, 28.512476},
zero=0.000000
z[62]=28.524521	
{0.953125, 28.524521},
zero=0.000000
z[63]=29.800421	
{0.968750, 29.800421},
zero=0.000000
m=-1.000000	R0=8.000000
result=28.512476	radius=61
