z[1]=24.611379	
{0, 24.611379},
zero=0.000000
z[3]=24.606808	
{0.031250, 24.606808},
zero=0.000000
z[3]=24.606808	
{0.031250, 24.606808},
zero=0.000000
z[4]=24.623611	
{0.046875, 24.623611},
zero=0.000000
z[5]=24.647926	
{0.062500, 24.647926},
zero=0.000000
z[6]=24.676670	
{0.078125, 24.676670},
zero=0.000000
z[7]=24.707428	
{0.093750, 24.707428},
zero=0.000000
z[8]=24.738332	
{0.109375, 24.738332},
zero=0.000000
z[9]=24.767899	
{0.125000, 24.767899},
zero=0.000000
z[10]=24.794925	
{0.140625, 24.794925},
zero=0.000000
z[11]=24.818430	
{0.156250, 24.818430},
zero=0.000000
z[12]=24.837611	
{0.171875, 24.837611},
zero=0.000000
z[13]=24.851812	
{0.187500, 24.851812},
zero=0.000000
z[14]=24.860499	
{0.203125, 24.860499},
zero=0.000000
z[15]=24.863235	
{0.218750, 24.863235},
zero=0.000000
z[16]=24.859664	
{0.234375, 24.859664},
zero=0.000000
z[17]=24.849499	
{0.250000, 24.849499},
zero=0.000000
z[18]=24.832501	
{0.265625, 24.832501},
zero=0.000000
z[19]=24.808481	
{0.281250, 24.808481},
zero=0.000000
z[20]=24.777279	
{0.296875, 24.777279},
zero=0.000000
z[21]=24.738768	
{0.312500, 24.738768},
zero=0.000000
z[22]=24.692843	
{0.328125, 24.692843},
zero=0.000000
z[23]=24.639419	
{0.343750, 24.639419},
zero=0.000000
z[24]=24.578427	
{0.359375, 24.578427},
zero=0.000000
z[25]=24.509814	
{0.375000, 24.509814},
zero=0.000000
z[26]=24.433538	
{0.390625, 24.433538},
zero=0.000000
z[27]=24.349571	
{0.406250, 24.349571},
zero=0.000000
z[28]=24.257897	
{0.421875, 24.257897},
zero=0.000000
z[29]=24.158510	
{0.437500, 24.158510},
zero=0.000000
z[30]=24.051418	
{0.453125, 24.051418},
zero=0.000000
z[31]=23.936643	
{0.468750, 23.936643},
zero=0.000000
z[32]=23.814222	
{0.484375, 23.814222},
zero=0.000000
z[33]=23.684209	
{0.500000, 23.684209},
zero=0.000000
z[34]=23.546679	
{0.515625, 23.546679},
zero=0.000000
z[35]=23.401731	
{0.531250, 23.401731},
zero=0.000000
z[36]=23.249496	
{0.546875, 23.249496},
zero=0.000000
z[37]=23.090136	
{0.562500, 23.090136},
zero=0.000000
z[38]=22.923859	
{0.578125, 22.923859},
zero=0.000000
z[39]=22.750922	
{0.593750, 22.750922},
zero=0.000000
z[40]=22.571649	
{0.609375, 22.571649},
zero=0.000000
z[41]=22.386437	
{0.625000, 22.386437},
zero=0.000000
z[42]=22.195779	
{0.640625, 22.195779},
zero=0.000000
z[43]=22.000282	
{0.656250, 22.000282},
zero=0.000000
z[44]=21.800692	
{0.671875, 21.800692},
zero=0.000000
z[45]=21.597927	
{0.687500, 21.597927},
zero=0.000000
z[46]=21.393112	
{0.703125, 21.393112},
zero=0.000000
z[47]=21.187629	
{0.718750, 21.187629},
zero=0.000000
z[48]=20.983168	
{0.734375, 20.983168},
zero=0.000000
z[49]=20.781803	
{0.750000, 20.781803},
zero=0.000000
z[50]=20.586073	
{0.765625, 20.586073},
zero=0.000000
z[51]=20.399089	
{0.781250, 20.399089},
zero=0.000000
z[52]=20.224669	
{0.796875, 20.224669},
zero=0.000000
z[53]=20.067509	
{0.812500, 20.067509},
zero=0.000000
z[54]=19.933403	
{0.828125, 19.933403},
zero=0.000000
z[55]=19.829548	
{0.843750, 19.829548},
zero=0.000000
z[56]=19.764968	
{0.859375, 19.764968},
zero=0.000000
z[57]=19.751165	
{0.875000, 19.751165},
zero=0.000000
z[58]=19.803173	
{0.890625, 19.803173},
zero=0.000000
z[59]=19.941470	
{0.906250, 19.941470},
zero=0.000000
z[60]=20.195840	
{0.921875, 20.195840},
zero=0.000000
z[61]=20.614539	
{0.937500, 20.614539},
zero=0.000000
z[62]=21.291595	
{0.953125, 21.291595},
zero=0.000000
z[63]=22.489974	
{0.968750, 22.489974},
zero=0.000000
m=-1.000000	R0=4.000000
result=19.751165	radius=57
