z[1]=46.836337	
{0, 46.836337},
zero=0.000000
z[3]=46.828918	
{0.031250, 46.828918},
zero=0.000000
z[3]=46.828918	
{0.031250, 46.828918},
zero=0.000000
z[4]=46.848627	
{0.046875, 46.848627},
zero=0.000000
z[5]=46.874130	
{0.062500, 46.874130},
zero=0.000000
z[6]=46.899340	
{0.078125, 46.899340},
zero=0.000000
z[7]=46.919613	
{0.093750, 46.919613},
zero=0.000000
z[8]=46.931469	
{0.109375, 46.931469},
zero=0.000000
z[9]=46.932278	
{0.125000, 46.932278},
zero=0.000000
z[10]=46.920047	
{0.140625, 46.920047},
zero=0.000000
z[11]=46.893263	
{0.156250, 46.893263},
zero=0.000000
z[12]=46.850783	
{0.171875, 46.850783},
zero=0.000000
z[13]=46.791734	
{0.187500, 46.791734},
zero=0.000000
z[14]=46.715451	
{0.203125, 46.715451},
zero=0.000000
z[15]=46.621419	
{0.218750, 46.621419},
zero=0.000000
z[16]=46.509238	
{0.234375, 46.509238},
zero=0.000000
z[17]=46.378592	
{0.250000, 46.378592},
zero=0.000000
z[18]=46.229230	
{0.265625, 46.229230},
zero=0.000000
z[19]=46.060946	
{0.281250, 46.060946},
zero=0.000000
z[20]=45.873575	
{0.296875, 45.873575},
zero=0.000000
z[21]=45.666977	
{0.312500, 45.666977},
zero=0.000000
z[22]=45.441036	
{0.328125, 45.441036},
zero=0.000000
z[23]=45.195654	
{0.343750, 45.195654},
zero=0.000000
z[24]=44.930748	
{0.359375, 44.930748},
zero=0.000000
z[25]=44.646244	
{0.375000, 44.646244},
zero=0.000000
z[26]=44.342082	
{0.390625, 44.342082},
zero=0.000000
z[27]=44.018208	
{0.406250, 44.018208},
zero=0.000000
z[28]=43.674576	
{0.421875, 43.674576},
zero=0.000000
z[29]=43.311148	
{0.437500, 43.311148},
zero=0.000000
z[30]=42.927892	
{0.453125, 42.927892},
zero=0.000000
z[31]=42.524782	
{0.468750, 42.524782},
zero=0.000000
z[32]=42.101799	
{0.484375, 42.101799},
zero=0.000000
z[33]=41.658932	
{0.500000, 41.658932},
zero=0.000000
z[34]=41.196181	
{0.515625, 41.196181},
zero=0.000000
z[35]=40.713553	
{0.531250, 40.713553},
zero=0.000000
z[36]=40.211070	
{0.546875, 40.211070},
zero=0.000000
z[37]=39.688774	
{0.562500, 39.688774},
zero=0.000000
z[38]=39.146724	
{0.578125, 39.146724},
zero=0.000000
z[39]=38.585015	
{0.593750, 38.585015},
zero=0.000000
z[40]=38.003776	
{0.609375, 38.003776},
zero=0.000000
z[41]=37.403193	
{0.625000, 37.403193},
zero=0.000000
z[42]=36.783520	
{0.640625, 36.783520},
zero=0.000000
z[43]=36.145106	
{0.656250, 36.145106},
zero=0.000000
z[44]=35.488429	
{0.671875, 35.488429},
zero=0.000000
z[45]=34.814138	
{0.687500, 34.814138},
zero=0.000000
z[46]=34.123112	
{0.703125, 34.123112},
zero=0.000000
z[47]=33.416542	
{0.718750, 33.416542},
zero=0.000000
z[48]=32.696035	
{0.734375, 32.696035},
zero=0.000000
z[49]=31.963764	
{0.750000, 31.963764},
zero=0.000000
z[50]=31.222653	
{0.765625, 31.222653},
zero=0.000000
z[51]=30.476646	
{0.781250, 30.476646},
zero=0.000000
z[52]=29.731051	
{0.796875, 29.731051},
zero=0.000000
z[53]=28.993010	
{0.812500, 28.993010},
zero=0.000000
z[54]=28.272132	
{0.828125, 28.272132},
zero=0.000000
z[55]=27.581356	
{0.843750, 27.581356},
zero=0.000000
z[56]=26.938128	
{0.859375, 26.938128},
zero=0.000000
z[57]=26.366068	
{0.875000, 26.366068},
zero=0.000000
z[58]=25.897428	
{0.890625, 25.897428},
zero=0.000000
z[59]=25.576995	
{0.906250, 25.576995},
zero=0.000000
z[60]=25.469168	
{0.921875, 25.469168},
zero=0.000000
z[61]=25.673479	
{0.937500, 25.673479},
zero=0.000000
z[62]=26.369825	
{0.953125, 26.369825},
zero=0.000000
z[63]=28.027859	
{0.968750, 28.027859},
zero=0.000000
m=-1.000000	R0=6.000000
result=25.469168	radius=60
