z[1]=14.449164	
{0, 14.449164},
zero=0.000000
z[11]=14.336241	
{0.156250, 14.336241},
zero=0.000000
z[11]=14.336241	
{0.156250, 14.336241},
zero=0.000000
z[12]=14.303000	
{0.171875, 14.303000},
zero=0.000000
z[13]=14.264702	
{0.187500, 14.264702},
zero=0.000000
z[14]=14.220869	
{0.203125, 14.220869},
zero=0.000000
z[15]=14.171094	
{0.218750, 14.171094},
zero=0.000000
z[16]=14.115036	
{0.234375, 14.115036},
zero=0.000000
z[17]=14.052406	
{0.250000, 14.052406},
zero=0.000000
z[18]=13.982963	
{0.265625, 13.982963},
zero=0.000000
z[19]=13.906506	
{0.281250, 13.906506},
zero=0.000000
z[20]=13.822866	
{0.296875, 13.822866},
zero=0.000000
z[21]=13.731901	
{0.312500, 13.731901},
zero=0.000000
z[22]=13.633492	
{0.328125, 13.633492},
zero=0.000000
z[23]=13.527538	
{0.343750, 13.527538},
zero=0.000000
z[24]=13.413954	
{0.359375, 13.413954},
zero=0.000000
z[25]=13.292667	
{0.375000, 13.292667},
zero=0.000000
z[26]=13.163613	
{0.390625, 13.163613},
zero=0.000000
z[27]=13.026737	
{0.406250, 13.026737},
zero=0.000000
z[28]=12.881991	
{0.421875, 12.881991},
zero=0.000000
z[29]=12.729332	
{0.437500, 12.729332},
zero=0.000000
z[30]=12.568721	
{0.453125, 12.568721},
zero=0.000000
z[31]=12.400123	
{0.468750, 12.400123},
zero=0.000000
z[32]=12.223506	
{0.484375, 12.223506},
zero=0.000000
z[33]=12.038842	
{0.500000, 12.038842},
zero=0.000000
z[34]=11.846104	
{0.515625, 11.846104},
zero=0.000000
z[35]=11.645269	
{0.531250, 11.645269},
zero=0.000000
z[36]=11.436318	
{0.546875, 11.436318},
zero=0.000000
z[37]=11.219234	
{0.562500, 11.219234},
zero=0.000000
z[38]=10.994010	
{0.578125, 10.994010},
zero=0.000000
z[39]=10.760648	
{0.593750, 10.760648},
zero=0.000000
z[40]=10.519168	
{0.609375, 10.519168},
zero=0.000000
z[41]=10.269610	
{0.625000, 10.269610},
zero=0.000000
z[42]=10.012053	
{0.640625, 10.012053},
zero=0.000000
z[43]=9.746629	
{0.656250, 9.746629},
zero=0.000000
z[44]=9.473551	
{0.671875, 9.473551},
zero=0.000000
z[45]=9.193150	
{0.687500, 9.193150},
zero=0.000000
z[46]=8.905934	
{0.703125, 8.905934},
zero=0.000000
z[47]=8.612663	
{0.718750, 8.612663},
zero=0.000000
z[48]=8.314468	
{0.734375, 8.314468},
zero=0.000000
z[49]=8.013018	
{0.750000, 8.013018},
zero=0.000000
z[50]=7.710757	
{0.765625, 7.710757},
zero=0.000000
z[51]=7.411247	
{0.781250, 7.411247},
zero=0.000000
z[52]=7.119670	
{0.796875, 7.119670},
zero=0.000000
z[53]=6.843571	
{0.812500, 6.843571},
zero=0.000000
z[54]=6.593998	
{0.828125, 6.593998},
zero=0.000000
z[55]=6.387436	
{0.843750, 6.387436},
zero=0.000000
z[56]=6.249661	
{0.859375, 6.249661},
zero=0.000000
z[57]=6.225711	
{0.875000, 6.225711},
zero=0.000000
z[58]=6.416217	
{0.890625, 6.416217},
zero=0.000000
z[59]=7.205212	
{0.906250, 7.205212},
zero=0.000000
m=-1.000000	R0=4.000000
result=6.225711	radius=57
