z[1]=13.333396	
{0, 13.333396},
zero=0.000000
z[13]=13.219731	
{0.187500, 13.219731},
zero=0.000000
z[13]=13.219731	
{0.187500, 13.219731},
zero=0.000000
z[14]=13.177056	
{0.203125, 13.177056},
zero=0.000000
z[15]=13.128484	
{0.218750, 13.128484},
zero=0.000000
z[16]=13.073666	
{0.234375, 13.073666},
zero=0.000000
z[17]=13.012307	
{0.250000, 13.012307},
zero=0.000000
z[18]=12.944157	
{0.265625, 12.944157},
zero=0.000000
z[19]=12.869003	
{0.281250, 12.869003},
zero=0.000000
z[20]=12.786669	
{0.296875, 12.786669},
zero=0.000000
z[21]=12.697002	
{0.312500, 12.697002},
zero=0.000000
z[22]=12.599872	
{0.328125, 12.599872},
zero=0.000000
z[23]=12.495170	
{0.343750, 12.495170},
zero=0.000000
z[24]=12.382798	
{0.359375, 12.382798},
zero=0.000000
z[25]=12.262671	
{0.375000, 12.262671},
zero=0.000000
z[26]=12.134712	
{0.390625, 12.134712},
zero=0.000000
z[27]=11.998848	
{0.406250, 11.998848},
zero=0.000000
z[28]=11.855013	
{0.421875, 11.855013},
zero=0.000000
z[29]=11.703139	
{0.437500, 11.703139},
zero=0.000000
z[30]=11.543161	
{0.453125, 11.543161},
zero=0.000000
z[31]=11.375009	
{0.468750, 11.375009},
zero=0.000000
z[32]=11.198611	
{0.484375, 11.198611},
zero=0.000000
z[33]=11.013887	
{0.500000, 11.013887},
zero=0.000000
z[34]=10.820751	
{0.515625, 10.820751},
zero=0.000000
z[35]=10.619105	
{0.531250, 10.619105},
zero=0.000000
z[36]=10.408842	
{0.546875, 10.408842},
zero=0.000000
z[37]=10.189840	
{0.562500, 10.189840},
zero=0.000000
z[38]=9.961965	
{0.578125, 9.961965},
zero=0.000000
z[39]=9.725065	
{0.593750, 9.725065},
zero=0.000000
z[40]=9.478981	
{0.609375, 9.478981},
zero=0.000000
z[41]=9.223542	
{0.625000, 9.223542},
zero=0.000000
z[42]=8.958580	
{0.640625, 8.958580},
zero=0.000000
z[43]=8.683939	
{0.656250, 8.683939},
zero=0.000000
z[44]=8.399506	
{0.671875, 8.399506},
zero=0.000000
z[45]=8.105241	
{0.687500, 8.105241},
zero=0.000000
z[46]=7.801241	
{0.703125, 7.801241},
zero=0.000000
z[47]=7.487830	
{0.718750, 7.487830},
zero=0.000000
z[48]=7.165703	
{0.734375, 7.165703},
zero=0.000000
z[49]=6.836160	
{0.750000, 6.836160},
zero=0.000000
z[50]=6.501488	
{0.765625, 6.501488},
zero=0.000000
z[51]=6.165587	
{0.781250, 6.165587},
zero=0.000000
z[52]=5.835021	
{0.796875, 5.835021},
zero=0.000000
z[53]=5.520759	
{0.812500, 5.520759},
zero=0.000000
z[54]=5.241081	
{0.828125, 5.241081},
zero=0.000000
z[55]=5.026255	
{0.843750, 5.026255},
zero=0.000000
z[56]=4.928951	
{0.859375, 4.928951},
zero=0.000000
z[57]=5.064412	
{0.875000, 5.064412},
zero=0.000000
z[58]=5.874854	
{0.890625, 5.874854},
zero=0.000000
m=-1.000000	R0=4.000000
result=4.928951	radius=56
