z[1]=15.840476	
{0, 15.840476},
zero=0.000000
z[9]=15.753677	
{0.125000, 15.753677},
zero=0.000000
z[9]=15.753677	
{0.125000, 15.753677},
zero=0.000000
z[10]=15.731741	
{0.140625, 15.731741},
zero=0.000000
z[11]=15.705975	
{0.156250, 15.705975},
zero=0.000000
z[12]=15.675705	
{0.171875, 15.675705},
zero=0.000000
z[13]=15.640356	
{0.187500, 15.640356},
zero=0.000000
z[14]=15.599446	
{0.203125, 15.599446},
zero=0.000000
z[15]=15.552568	
{0.218750, 15.552568},
zero=0.000000
z[16]=15.499383	
{0.234375, 15.499383},
zero=0.000000
z[17]=15.439607	
{0.250000, 15.439607},
zero=0.000000
z[18]=15.373007	
{0.265625, 15.373007},
zero=0.000000
z[19]=15.299386	
{0.281250, 15.299386},
zero=0.000000
z[20]=15.218583	
{0.296875, 15.218583},
zero=0.000000
z[21]=15.130462	
{0.312500, 15.130462},
zero=0.000000
z[22]=15.034913	
{0.328125, 15.034913},
zero=0.000000
z[23]=14.931842	
{0.343750, 14.931842},
zero=0.000000
z[24]=14.821171	
{0.359375, 14.821171},
zero=0.000000
z[25]=14.702837	
{0.375000, 14.702837},
zero=0.000000
z[26]=14.576785	
{0.390625, 14.576785},
zero=0.000000
z[27]=14.442974	
{0.406250, 14.442974},
zero=0.000000
z[28]=14.301369	
{0.421875, 14.301369},
zero=0.000000
z[29]=14.151945	
{0.437500, 14.151945},
zero=0.000000
z[30]=13.994684	
{0.453125, 13.994684},
zero=0.000000
z[31]=13.829577	
{0.468750, 13.829577},
zero=0.000000
z[32]=13.656622	
{0.484375, 13.656622},
zero=0.000000
z[33]=13.475829	
{0.500000, 13.475829},
zero=0.000000
z[34]=13.287217	
{0.515625, 13.287217},
zero=0.000000
z[35]=13.090818	
{0.531250, 13.090818},
zero=0.000000
z[36]=12.886679	
{0.546875, 12.886679},
zero=0.000000
z[37]=12.674865	
{0.562500, 12.674865},
zero=0.000000
z[38]=12.455466	
{0.578125, 12.455466},
zero=0.000000
z[39]=12.228597	
{0.593750, 12.228597},
zero=0.000000
z[40]=11.994412	
{0.609375, 11.994412},
zero=0.000000
z[41]=11.753112	
{0.625000, 11.753112},
zero=0.000000
z[42]=11.504958	
{0.640625, 11.504958},
zero=0.000000
z[43]=11.250290	
{0.656250, 11.250290},
zero=0.000000
z[44]=10.989555	
{0.671875, 10.989555},
zero=0.000000
z[45]=10.723337	
{0.687500, 10.723337},
zero=0.000000
z[46]=10.452405	
{0.703125, 10.452405},
zero=0.000000
z[47]=10.177776	
{0.718750, 10.177776},
zero=0.000000
z[48]=9.900799	
{0.734375, 9.900799},
zero=0.000000
z[49]=9.623268	
{0.750000, 9.623268},
zero=0.000000
z[50]=9.347583	
{0.765625, 9.347583},
zero=0.000000
z[51]=9.076959	
{0.781250, 9.076959},
zero=0.000000
z[52]=8.815723	
{0.796875, 8.815723},
zero=0.000000
z[53]=8.569726	
{0.812500, 8.569726},
zero=0.000000
z[54]=8.346944	
{0.828125, 8.346944},
zero=0.000000
z[55]=8.158430	
{0.843750, 8.158430},
zero=0.000000
z[56]=8.019977	
{0.859375, 8.019977},
zero=0.000000
z[57]=7.955598	
{0.875000, 7.955598},
zero=0.000000
z[58]=8.006571	
{0.890625, 8.006571},
zero=0.000000
z[59]=8.263282	
{0.906250, 8.263282},
zero=0.000000
z[60]=9.056704	
{0.921875, 9.056704},
zero=0.000000
m=-1.000000	R0=4.000000
result=7.955598	radius=57
