z[1]=152.572823	
{0, 152.572823},
zero=0.000000
z[3]=152.531123	
{0.031250, 152.531123},
zero=0.000000
z[3]=152.531123	
{0.031250, 152.531123},
zero=0.000000
z[4]=152.496975	
{0.046875, 152.496975},
zero=0.000000
z[5]=152.428978	
{0.062500, 152.428978},
zero=0.000000
z[6]=152.311573	
{0.078125, 152.311573},
zero=0.000000
z[7]=152.135244	
{0.093750, 152.135244},
zero=0.000000
z[8]=151.894468	
{0.109375, 151.894468},
zero=0.000000
z[9]=151.586001	
{0.125000, 151.586001},
zero=0.000000
z[10]=151.207864	
{0.140625, 151.207864},
zero=0.000000
z[11]=150.758783	
{0.156250, 150.758783},
zero=0.000000
z[12]=150.237890	
{0.171875, 150.237890},
zero=0.000000
z[13]=149.644562	
{0.187500, 149.644562},
zero=0.000000
z[14]=148.978341	
{0.203125, 148.978341},
zero=0.000000
z[15]=148.238870	
{0.218750, 148.238870},
zero=0.000000
z[16]=147.425872	
{0.234375, 147.425872},
zero=0.000000
z[17]=146.539123	
{0.250000, 146.539123},
zero=0.000000
z[18]=145.578442	
{0.265625, 145.578442},
zero=0.000000
z[19]=144.543677	
{0.281250, 144.543677},
zero=0.000000
z[20]=143.434703	
{0.296875, 143.434703},
zero=0.000000
z[21]=142.251414	
{0.312500, 142.251414},
zero=0.000000
z[22]=140.993717	
{0.328125, 140.993717},
zero=0.000000
z[23]=139.661535	
{0.343750, 139.661535},
zero=0.000000
z[24]=138.254800	
{0.359375, 138.254800},
zero=0.000000
z[25]=136.773453	
{0.375000, 136.773453},
zero=0.000000
z[26]=135.217442	
{0.390625, 135.217442},
zero=0.000000
z[27]=133.586720	
{0.406250, 133.586720},
zero=0.000000
z[28]=131.881247	
{0.421875, 131.881247},
zero=0.000000
z[29]=130.100986	
{0.437500, 130.100986},
zero=0.000000
z[30]=128.245906	
{0.453125, 128.245906},
zero=0.000000
z[31]=126.315976	
{0.468750, 126.315976},
zero=0.000000
z[32]=124.311171	
{0.484375, 124.311171},
zero=0.000000
z[33]=122.231466	
{0.500000, 122.231466},
zero=0.000000
z[34]=120.076840	
{0.515625, 120.076840},
zero=0.000000
z[35]=117.847272	
{0.531250, 117.847272},
zero=0.000000
z[36]=115.542746	
{0.546875, 115.542746},
zero=0.000000
z[37]=113.163245	
{0.562500, 113.163245},
zero=0.000000
z[38]=110.708753	
{0.578125, 110.708753},
zero=0.000000
z[39]=108.179257	
{0.593750, 108.179257},
zero=0.000000
z[40]=105.574745	
{0.609375, 105.574745},
zero=0.000000
z[41]=102.895207	
{0.625000, 102.895207},
zero=0.000000
z[42]=100.140635	
{0.640625, 100.140635},
zero=0.000000
z[43]=97.311023	
{0.656250, 97.311023},
zero=0.000000
z[44]=94.406371	
{0.671875, 94.406371},
zero=0.000000
z[45]=91.426686	
{0.687500, 91.426686},
zero=0.000000
z[46]=88.371989	
{0.703125, 88.371989},
zero=0.000000
z[47]=85.242325	
{0.718750, 85.242325},
zero=0.000000
z[48]=82.037776	
{0.734375, 82.037776},
zero=0.000000
z[49]=78.758501	
{0.750000, 78.758501},
zero=0.000000
z[50]=75.404784	
{0.765625, 75.404784},
zero=0.000000
z[51]=71.977136	
{0.781250, 71.977136},
zero=0.000000
z[52]=68.476474	
{0.796875, 68.476474},
zero=0.000000
z[53]=64.904428	
{0.812500, 64.904428},
zero=0.000000
z[54]=61.263911	
{0.828125, 61.263911},
zero=0.000000
z[55]=57.560120	
{0.843750, 57.560120},
zero=0.000000
z[56]=53.802360	
{0.859375, 53.802360},
zero=0.000000
z[57]=50.007387	
{0.875000, 50.007387},
zero=0.000000
z[58]=46.205663	
{0.890625, 46.205663},
zero=0.000000
z[59]=42.453357	
{0.906250, 42.453357},
zero=0.000000
z[60]=38.856357	
{0.921875, 38.856357},
zero=0.000000
z[61]=35.621712	
{0.937500, 35.621712},
zero=0.000000
z[62]=33.186734	
{0.953125, 33.186734},
zero=0.000000
z[63]=32.699126	
{0.968750, 32.699126},
zero=0.000000
m=-1.000000	R0=12.000000
result=32.699126	radius=63
