z[1]=98.027157	
{0, 98.027157},
zero=0.000000
z[5]=97.921029	
{0.062500, 97.921029},
zero=0.000000
z[5]=97.921029	
{0.062500, 97.921029},
zero=0.000000
z[6]=97.828847	
{0.078125, 97.828847},
zero=0.000000
z[7]=97.700976	
{0.093750, 97.700976},
zero=0.000000
z[8]=97.532279	
{0.109375, 97.532279},
zero=0.000000
z[9]=97.319389	
{0.125000, 97.319389},
zero=0.000000
z[10]=97.060128	
{0.140625, 97.060128},
zero=0.000000
z[11]=96.753072	
{0.156250, 96.753072},
zero=0.000000
z[12]=96.397261	
{0.171875, 96.397261},
zero=0.000000
z[13]=95.992028	
{0.187500, 95.992028},
zero=0.000000
z[14]=95.536888	
{0.203125, 95.536888},
zero=0.000000
z[15]=95.031478	
{0.218750, 95.031478},
zero=0.000000
z[16]=94.475515	
{0.234375, 94.475515},
zero=0.000000
z[17]=93.868777	
{0.250000, 93.868777},
zero=0.000000
z[18]=93.211082	
{0.265625, 93.211082},
zero=0.000000
z[19]=92.502281	
{0.281250, 92.502281},
zero=0.000000
z[20]=91.742251	
{0.296875, 91.742251},
zero=0.000000
z[21]=90.930886	
{0.312500, 90.930886},
zero=0.000000
z[22]=90.068096	
{0.328125, 90.068096},
zero=0.000000
z[23]=89.153806	
{0.343750, 89.153806},
zero=0.000000
z[24]=88.187948	
{0.359375, 88.187948},
zero=0.000000
z[25]=87.170464	
{0.375000, 87.170464},
zero=0.000000
z[26]=86.101302	
{0.390625, 86.101302},
zero=0.000000
z[27]=84.980419	
{0.406250, 84.980419},
zero=0.000000
z[28]=83.807773	
{0.421875, 83.807773},
zero=0.000000
z[29]=82.583329	
{0.437500, 82.583329},
zero=0.000000
z[30]=81.307055	
{0.453125, 81.307055},
zero=0.000000
z[31]=79.978922	
{0.468750, 79.978922},
zero=0.000000
z[32]=78.598904	
{0.484375, 78.598904},
zero=0.000000
z[33]=77.166978	
{0.500000, 77.166978},
zero=0.000000
z[34]=75.683122	
{0.515625, 75.683122},
zero=0.000000
z[35]=74.147316	
{0.531250, 74.147316},
zero=0.000000
z[36]=72.559543	
{0.546875, 72.559543},
zero=0.000000
z[37]=70.919787	
{0.562500, 70.919787},
zero=0.000000
z[38]=69.228031	
{0.578125, 69.228031},
zero=0.000000
z[39]=67.484262	
{0.593750, 67.484262},
zero=0.000000
z[40]=65.688466	
{0.609375, 65.688466},
zero=0.000000
z[41]=63.840630	
{0.625000, 63.840630},
zero=0.000000
z[42]=61.940742	
{0.640625, 61.940742},
zero=0.000000
z[43]=59.988788	
{0.656250, 59.988788},
zero=0.000000
z[44]=57.984755	
{0.671875, 57.984755},
zero=0.000000
z[45]=55.928627	
{0.687500, 55.928627},
zero=0.000000
z[46]=53.820383	
{0.703125, 53.820383},
zero=0.000000
z[47]=51.659997	
{0.718750, 51.659997},
zero=0.000000
z[48]=49.447434	
{0.734375, 49.447434},
zero=0.000000
z[49]=47.182643	
{0.750000, 47.182643},
zero=0.000000
z[50]=44.865550	
{0.765625, 44.865550},
zero=0.000000
z[51]=42.496060	
{0.781250, 42.496060},
zero=0.000000
z[52]=40.074052	
{0.796875, 40.074052},
zero=0.000000
z[53]=37.599426	
{0.812500, 37.599426},
zero=0.000000
z[54]=35.072235	
{0.828125, 35.072235},
zero=0.000000
z[55]=32.493102	
{0.843750, 32.493102},
zero=0.000000
z[56]=29.864321	
{0.859375, 29.864321},
zero=0.000000
z[57]=27.192687	
{0.875000, 27.192687},
zero=0.000000
z[58]=24.496470	
{0.890625, 24.496470},
zero=0.000000
z[59]=21.822283	
{0.906250, 21.822283},
zero=0.000000
z[60]=19.286310	
{0.921875, 19.286310},
zero=0.000000
z[61]=17.186640	
{0.937500, 17.186640},
zero=0.000000
z[62]=16.431891	
{0.953125, 16.431891},
zero=0.000000
m=-1.000000	R0=10.000000
result=16.431891	radius=62
