z[1]=39.705557	
{0, 39.705557},
zero=0.000000
z[3]=39.702004	
{0.031250, 39.702004},
zero=0.000000
z[3]=39.702004	
{0.031250, 39.702004},
zero=0.000000
z[4]=39.721206	
{0.046875, 39.721206},
zero=0.000000
z[5]=39.747100	
{0.062500, 39.747100},
zero=0.000000
z[6]=39.774533	
{0.078125, 39.774533},
zero=0.000000
z[7]=39.799557	
{0.093750, 39.799557},
zero=0.000000
z[8]=39.819182	
{0.109375, 39.819182},
zero=0.000000
z[9]=39.831119	
{0.125000, 39.831119},
zero=0.000000
z[10]=39.833623	
{0.140625, 39.833623},
zero=0.000000
z[11]=39.825363	
{0.156250, 39.825363},
zero=0.000000
z[12]=39.805326	
{0.171875, 39.805326},
zero=0.000000
z[13]=39.772745	
{0.187500, 39.772745},
zero=0.000000
z[14]=39.727033	
{0.203125, 39.727033},
zero=0.000000
z[15]=39.667742	
{0.218750, 39.667742},
zero=0.000000
z[16]=39.594522	
{0.234375, 39.594522},
zero=0.000000
z[17]=39.507100	
{0.250000, 39.507100},
zero=0.000000
z[18]=39.405259	
{0.265625, 39.405259},
zero=0.000000
z[19]=39.288825	
{0.281250, 39.288825},
zero=0.000000
z[20]=39.157655	
{0.296875, 39.157655},
zero=0.000000
z[21]=39.011633	
{0.312500, 39.011633},
zero=0.000000
z[22]=38.850660	
{0.328125, 38.850660},
zero=0.000000
z[23]=38.674654	
{0.343750, 38.674654},
zero=0.000000
z[24]=38.483547	
{0.359375, 38.483547},
zero=0.000000
z[25]=38.277278	
{0.375000, 38.277278},
zero=0.000000
z[26]=38.055798	
{0.390625, 38.055798},
zero=0.000000
z[27]=37.819064	
{0.406250, 37.819064},
zero=0.000000
z[28]=37.567040	
{0.421875, 37.567040},
zero=0.000000
z[29]=37.299698	
{0.437500, 37.299698},
zero=0.000000
z[30]=37.017016	
{0.453125, 37.017016},
zero=0.000000
z[31]=36.718977	
{0.468750, 36.718977},
zero=0.000000
z[32]=36.405573	
{0.484375, 36.405573},
zero=0.000000
z[33]=36.076803	
{0.500000, 36.076803},
zero=0.000000
z[34]=35.732678	
{0.515625, 35.732678},
zero=0.000000
z[35]=35.373219	
{0.531250, 35.373219},
zero=0.000000
z[36]=34.998462	
{0.546875, 34.998462},
zero=0.000000
z[37]=34.608463	
{0.562500, 34.608463},
zero=0.000000
z[38]=34.203302	
{0.578125, 34.203302},
zero=0.000000
z[39]=33.783091	
{0.593750, 33.783091},
zero=0.000000
z[40]=33.347983	
{0.609375, 33.347983},
zero=0.000000
z[41]=32.898186	
{0.625000, 32.898186},
zero=0.000000
z[42]=32.433978	
{0.640625, 32.433978},
zero=0.000000
z[43]=31.955732	
{0.656250, 31.955732},
zero=0.000000
z[44]=31.463942	
{0.671875, 31.463942},
zero=0.000000
z[45]=30.959266	
{0.687500, 30.959266},
zero=0.000000
z[46]=30.442572	
{0.703125, 30.442572},
zero=0.000000
z[47]=29.915011	
{0.718750, 29.915011},
zero=0.000000
z[48]=29.378101	
{0.734375, 29.378101},
zero=0.000000
z[49]=28.833845	
{0.750000, 28.833845},
zero=0.000000
z[50]=28.284883	
{0.765625, 28.284883},
zero=0.000000
z[51]=27.734695	
{0.781250, 27.734695},
zero=0.000000
z[52]=27.187865	
{0.796875, 27.187865},
zero=0.000000
z[53]=26.650436	
{0.812500, 26.650436},
zero=0.000000
z[54]=26.130375	
{0.828125, 26.130375},
zero=0.000000
z[55]=25.638213	
{0.843750, 25.638213},
zero=0.000000
z[56]=25.187911	
{0.859375, 25.187911},
zero=0.000000
z[57]=24.798107	
{0.875000, 24.798107},
zero=0.000000
z[58]=24.493978	
{0.890625, 24.493978},
zero=0.000000
z[59]=24.310289	
{0.906250, 24.310289},
zero=0.000000
z[60]=24.297033	
{0.921875, 24.297033},
zero=0.000000
z[61]=24.531936	
{0.937500, 24.531936},
zero=0.000000
z[62]=25.156350	
{0.953125, 25.156350},
zero=0.000000
z[63]=26.534825	
{0.968750, 26.534825},
zero=0.000000
m=-1.000000	R0=5.500000
result=24.297033	radius=60
