z[1]=108.896731	
{0, 108.896731},
zero=0.000000
z[3]=108.867832	
{0.031250, 108.867832},
zero=0.000000
z[3]=108.867832	
{0.031250, 108.867832},
zero=0.000000
z[4]=108.859306	
{0.046875, 108.859306},
zero=0.000000
z[5]=108.835785	
{0.062500, 108.835785},
zero=0.000000
z[6]=108.784793	
{0.078125, 108.784793},
zero=0.000000
z[7]=108.698002	
{0.093750, 108.698002},
zero=0.000000
z[8]=108.570151	
{0.109375, 108.570151},
zero=0.000000
z[9]=108.397943	
{0.125000, 108.397943},
zero=0.000000
z[10]=108.179286	
{0.140625, 108.179286},
zero=0.000000
z[11]=107.912815	
{0.156250, 107.912815},
zero=0.000000
z[12]=107.597601	
{0.171875, 107.597601},
zero=0.000000
z[13]=107.232988	
{0.187500, 107.232988},
zero=0.000000
z[14]=106.818496	
{0.203125, 106.818496},
zero=0.000000
z[15]=106.353759	
{0.218750, 106.353759},
zero=0.000000
z[16]=105.838493	
{0.234375, 105.838493},
zero=0.000000
z[17]=105.272471	
{0.250000, 105.272471},
zero=0.000000
z[18]=104.655509	
{0.265625, 104.655509},
zero=0.000000
z[19]=103.987456	
{0.281250, 103.987456},
zero=0.000000
z[20]=103.268184	
{0.296875, 103.268184},
zero=0.000000
z[21]=102.497588	
{0.312500, 102.497588},
zero=0.000000
z[22]=101.675577	
{0.328125, 101.675577},
zero=0.000000
z[23]=100.802071	
{0.343750, 100.802071},
zero=0.000000
z[24]=99.877004	
{0.359375, 99.877004},
zero=0.000000
z[25]=98.900316	
{0.375000, 98.900316},
zero=0.000000
z[26]=97.871956	
{0.390625, 97.871956},
zero=0.000000
z[27]=96.791877	
{0.406250, 96.791877},
zero=0.000000
z[28]=95.660040	
{0.421875, 95.660040},
zero=0.000000
z[29]=94.476408	
{0.437500, 94.476408},
zero=0.000000
z[30]=93.240948	
{0.453125, 93.240948},
zero=0.000000
z[31]=91.953632	
{0.468750, 91.953632},
zero=0.000000
z[32]=90.614433	
{0.484375, 90.614433},
zero=0.000000
z[33]=89.223328	
{0.500000, 89.223328},
zero=0.000000
z[34]=87.780296	
{0.515625, 87.780296},
zero=0.000000
z[35]=86.285317	
{0.531250, 86.285317},
zero=0.000000
z[36]=84.738375	
{0.546875, 84.738375},
zero=0.000000
z[37]=83.139453	
{0.562500, 83.139453},
zero=0.000000
z[38]=81.488539	
{0.578125, 81.488539},
zero=0.000000
z[39]=79.785622	
{0.593750, 79.785622},
zero=0.000000
z[40]=78.030696	
{0.609375, 78.030696},
zero=0.000000
z[41]=76.223756	
{0.625000, 76.223756},
zero=0.000000
z[42]=74.364807	
{0.640625, 74.364807},
zero=0.000000
z[43]=72.453861	
{0.656250, 72.453861},
zero=0.000000
z[44]=70.490949	
{0.671875, 70.490949},
zero=0.000000
z[45]=68.476124	
{0.687500, 68.476124},
zero=0.000000
z[46]=66.409481	
{0.703125, 66.409481},
zero=0.000000
z[47]=64.291178	
{0.718750, 64.291178},
zero=0.000000
z[48]=62.121480	
{0.734375, 62.121480},
zero=0.000000
z[49]=59.900821	
{0.750000, 59.900821},
zero=0.000000
z[50]=57.629916	
{0.765625, 57.629916},
zero=0.000000
z[51]=55.309926	
{0.781250, 55.309926},
zero=0.000000
z[52]=52.942750	
{0.796875, 52.942750},
zero=0.000000
z[53]=50.531478	
{0.812500, 50.531478},
zero=0.000000
z[54]=48.081151	
{0.828125, 48.081151},
zero=0.000000
z[55]=45.599996	
{0.843750, 45.599996},
zero=0.000000
z[56]=43.101480	
{0.859375, 43.101480},
zero=0.000000
z[57]=40.607742	
{0.875000, 40.607742},
zero=0.000000
z[58]=38.155439	
{0.890625, 38.155439},
zero=0.000000
z[59]=35.805971	
{0.906250, 35.805971},
zero=0.000000
z[60]=33.664217	
{0.921875, 33.664217},
zero=0.000000
z[61]=31.916166	
{0.937500, 31.916166},
zero=0.000000
z[62]=30.920771	
{0.953125, 30.920771},
zero=0.000000
z[63]=31.565000	
{0.968750, 31.565000},
zero=0.000000
m=-1.000000	R0=10.000000
result=30.920771	radius=62
