z[1]=65.431260	
{0, 65.431260},
zero=0.000000
z[3]=64.972125	
{0.031250, 64.972125},
zero=0.000000
z[3]=64.972125	
{0.031250, 64.972125},
zero=0.000000
z[4]=64.720459	
{0.046875, 64.720459},
zero=0.000000
z[5]=64.472119	
{0.062500, 64.472119},
zero=0.000000
z[6]=64.220933	
{0.078125, 64.220933},
zero=0.000000
z[7]=63.962326	
{0.093750, 63.962326},
zero=0.000000
z[8]=63.692945	
{0.109375, 63.692945},
zero=0.000000
z[9]=63.410307	
{0.125000, 63.410307},
zero=0.000000
z[10]=63.112562	
{0.140625, 63.112562},
zero=0.000000
z[11]=62.798325	
{0.156250, 62.798325},
zero=0.000000
z[12]=62.466553	
{0.171875, 62.466553},
zero=0.000000
z[13]=62.116457	
{0.187500, 62.116457},
zero=0.000000
z[14]=61.747432	
{0.203125, 61.747432},
zero=0.000000
z[15]=61.359014	
{0.218750, 61.359014},
zero=0.000000
z[16]=60.950836	
{0.234375, 60.950836},
zero=0.000000
z[17]=60.522610	
{0.250000, 60.522610},
zero=0.000000
z[18]=60.074104	
{0.265625, 60.074104},
zero=0.000000
z[19]=59.605128	
{0.281250, 59.605128},
zero=0.000000
z[20]=59.115526	
{0.296875, 59.115526},
zero=0.000000
z[21]=58.605167	
{0.312500, 58.605167},
zero=0.000000
z[22]=58.073941	
{0.328125, 58.073941},
zero=0.000000
z[23]=57.521756	
{0.343750, 57.521756},
zero=0.000000
z[24]=56.948531	
{0.359375, 56.948531},
zero=0.000000
z[25]=56.354197	
{0.375000, 56.354197},
zero=0.000000
z[26]=55.738695	
{0.390625, 55.738695},
zero=0.000000
z[27]=55.101972	
{0.406250, 55.101972},
zero=0.000000
z[28]=54.443986	
{0.421875, 54.443986},
zero=0.000000
z[29]=53.764698	
{0.437500, 53.764698},
zero=0.000000
z[30]=53.064077	
{0.453125, 53.064077},
zero=0.000000
z[31]=52.342099	
{0.468750, 52.342099},
zero=0.000000
z[32]=51.598746	
{0.484375, 51.598746},
zero=0.000000
z[33]=50.834009	
{0.500000, 50.834009},
zero=0.000000
z[34]=50.047888	
{0.515625, 50.047888},
zero=0.000000
z[35]=49.240392	
{0.531250, 49.240392},
zero=0.000000
z[36]=48.411549	
{0.546875, 48.411549},
zero=0.000000
z[37]=47.561402	
{0.562500, 47.561402},
zero=0.000000
z[38]=46.690021	
{0.578125, 46.690021},
zero=0.000000
z[39]=45.797509	
{0.593750, 45.797509},
zero=0.000000
z[40]=44.884013	
{0.609375, 44.884013},
zero=0.000000
z[41]=43.949741	
{0.625000, 43.949741},
zero=0.000000
z[42]=42.994982	
{0.640625, 42.994982},
zero=0.000000
z[43]=42.020136	
{0.656250, 42.020136},
zero=0.000000
z[44]=41.025754	
{0.671875, 41.025754},
zero=0.000000
z[45]=40.012590	
{0.687500, 40.012590},
zero=0.000000
z[46]=38.981673	
{0.703125, 38.981673},
zero=0.000000
z[47]=37.934411	
{0.718750, 37.934411},
zero=0.000000
z[48]=36.872717	
{0.734375, 36.872717},
zero=0.000000
z[49]=35.799196	
{0.750000, 35.799196},
zero=0.000000
z[50]=34.717381	
{0.765625, 34.717381},
zero=0.000000
z[51]=33.632064	
{0.781250, 33.632064},
zero=0.000000
z[52]=32.549733	
{0.796875, 32.549733},
zero=0.000000
z[53]=31.479154	
{0.812500, 31.479154},
zero=0.000000
z[54]=30.432159	
{0.828125, 30.432159},
zero=0.000000
z[55]=29.424696	
{0.843750, 29.424696},
zero=0.000000
z[56]=28.478249	
{0.859375, 28.478249},
zero=0.000000
z[57]=27.621789	
{0.875000, 27.621789},
zero=0.000000
z[58]=26.894576	
{0.890625, 26.894576},
zero=0.000000
z[59]=26.350494	
{0.906250, 26.350494},
zero=0.000000
z[60]=26.065764	
{0.921875, 26.065764},
zero=0.000000
z[61]=26.155992	
{0.937500, 26.155992},
zero=0.000000
z[62]=26.826915	
{0.953125, 26.826915},
zero=0.000000
z[63]=28.612065	
{0.968750, 28.612065},
zero=0.000000
m=1.000000	R0=6.200000
result=26.065764	radius=60
