z[1]=12.424183	
{0, 12.424183},
zero=0.000000
z[15]=12.362581	
{0.218750, 12.362581},
zero=0.000000
z[15]=12.362581	
{0.218750, 12.362581},
zero=0.000000
z[16]=12.313322	
{0.234375, 12.313322},
zero=0.000000
z[17]=12.257565	
{0.250000, 12.257565},
zero=0.000000
z[18]=12.195050	
{0.265625, 12.195050},
zero=0.000000
z[19]=12.125554	
{0.281250, 12.125554},
zero=0.000000
z[20]=12.048886	
{0.296875, 12.048886},
zero=0.000000
z[21]=11.964884	
{0.312500, 11.964884},
zero=0.000000
z[22]=11.873406	
{0.328125, 11.873406},
zero=0.000000
z[23]=11.774330	
{0.343750, 11.774330},
zero=0.000000
z[24]=11.667546	
{0.359375, 11.667546},
zero=0.000000
z[25]=11.552955	
{0.375000, 11.552955},
zero=0.000000
z[26]=11.430465	
{0.390625, 11.430465},
zero=0.000000
z[27]=11.299987	
{0.406250, 11.299987},
zero=0.000000
z[28]=11.161432	
{0.421875, 11.161432},
zero=0.000000
z[29]=11.014711	
{0.437500, 11.014711},
zero=0.000000
z[30]=10.859729	
{0.453125, 10.859729},
zero=0.000000
z[31]=10.696381	
{0.468750, 10.696381},
zero=0.000000
z[32]=10.524555	
{0.484375, 10.524555},
zero=0.000000
z[33]=10.344120	
{0.500000, 10.344120},
zero=0.000000
z[34]=10.154932	
{0.515625, 10.154932},
zero=0.000000
z[35]=9.956823	
{0.531250, 9.956823},
zero=0.000000
z[36]=9.749600	
{0.546875, 9.749600},
zero=0.000000
z[37]=9.533043	
{0.562500, 9.533043},
zero=0.000000
z[38]=9.306900	
{0.578125, 9.306900},
zero=0.000000
z[39]=9.070886	
{0.593750, 9.070886},
zero=0.000000
z[40]=8.824680	
{0.609375, 8.824680},
zero=0.000000
z[41]=8.567933	
{0.625000, 8.567933},
zero=0.000000
z[42]=8.300263	
{0.640625, 8.300263},
zero=0.000000
z[43]=8.021272	
{0.656250, 8.021272},
zero=0.000000
z[44]=7.730552	
{0.671875, 7.730552},
zero=0.000000
z[45]=7.427704	
{0.687500, 7.427704},
zero=0.000000
z[46]=7.112357	
{0.703125, 7.112357},
zero=0.000000
z[47]=6.784183	
{0.718750, 6.784183},
zero=0.000000
z[48]=6.442916	
{0.734375, 6.442916},
zero=0.000000
z[49]=6.088434	
{0.750000, 6.088434},
zero=0.000000
z[50]=5.721271	
{0.765625, 5.721271},
zero=0.000000
z[51]=5.344197	
{0.781250, 5.344197},
zero=0.000000
z[52]=4.953868	
{0.796875, 4.953868},
zero=0.000000
z[53]=4.570580	
{0.812500, 4.570580},
zero=0.000000
z[54]=4.238825	
{0.828125, 4.238825},
zero=0.000000
z[55]=4.033108	
{0.843750, 4.033108},
zero=0.000000
z[56]=4.098565	
{0.859375, 4.098565},
zero=0.000000
z[57]=4.947653	
{0.875000, 4.947653},
zero=0.000000
m=-1.000000	R0=4.000000
result=4.033108	radius=55
