z[1]=80.228608	
{0, 80.228608},
zero=0.000000
z[5]=80.132026	
{0.062500, 80.132026},
zero=0.000000
z[5]=80.132026	
{0.062500, 80.132026},
zero=0.000000
z[6]=80.063479	
{0.078125, 80.063479},
zero=0.000000
z[7]=79.968743	
{0.093750, 79.968743},
zero=0.000000
z[8]=79.843111	
{0.109375, 79.843111},
zero=0.000000
z[9]=79.683362	
{0.125000, 79.683362},
zero=0.000000
z[10]=79.487332	
{0.140625, 79.487332},
zero=0.000000
z[11]=79.253563	
{0.156250, 79.253563},
zero=0.000000
z[12]=78.981060	
{0.171875, 78.981060},
zero=0.000000
z[13]=78.669125	
{0.187500, 78.669125},
zero=0.000000
z[14]=78.317251	
{0.203125, 78.317251},
zero=0.000000
z[15]=77.925061	
{0.218750, 77.925061},
zero=0.000000
z[16]=77.492265	
{0.234375, 77.492265},
zero=0.000000
z[17]=77.018632	
{0.250000, 77.018632},
zero=0.000000
z[18]=76.503980	
{0.265625, 76.503980},
zero=0.000000
z[19]=75.948155	
{0.281250, 75.948155},
zero=0.000000
z[20]=75.351033	
{0.296875, 75.351033},
zero=0.000000
z[21]=74.712508	
{0.312500, 74.712508},
zero=0.000000
z[22]=74.032490	
{0.328125, 74.032490},
zero=0.000000
z[23]=73.310901	
{0.343750, 73.310901},
zero=0.000000
z[24]=72.547674	
{0.359375, 72.547674},
zero=0.000000
z[25]=71.742751	
{0.375000, 71.742751},
zero=0.000000
z[26]=70.896080	
{0.390625, 70.896080},
zero=0.000000
z[27]=70.007617	
{0.406250, 70.007617},
zero=0.000000
z[28]=69.077320	
{0.421875, 69.077320},
zero=0.000000
z[29]=68.105155	
{0.437500, 68.105155},
zero=0.000000
z[30]=67.091090	
{0.453125, 67.091090},
zero=0.000000
z[31]=66.035094	
{0.468750, 66.035094},
zero=0.000000
z[32]=64.937144	
{0.484375, 64.937144},
zero=0.000000
z[33]=63.797215	
{0.500000, 63.797215},
zero=0.000000
z[34]=62.615285	
{0.515625, 62.615285},
zero=0.000000
z[35]=61.391337	
{0.531250, 61.391337},
zero=0.000000
z[36]=60.125351	
{0.546875, 60.125351},
zero=0.000000
z[37]=58.817314	
{0.562500, 58.817314},
zero=0.000000
z[38]=57.467210	
{0.578125, 57.467210},
zero=0.000000
z[39]=56.075027	
{0.593750, 56.075027},
zero=0.000000
z[40]=54.640755	
{0.609375, 54.640755},
zero=0.000000
z[41]=53.164387	
{0.625000, 53.164387},
zero=0.000000
z[42]=51.645917	
{0.640625, 51.645917},
zero=0.000000
z[43]=50.085344	
{0.656250, 50.085344},
zero=0.000000
z[44]=48.482674	
{0.671875, 48.482674},
zero=0.000000
z[45]=46.837921	
{0.687500, 46.837921},
zero=0.000000
z[46]=45.151113	
{0.703125, 45.151113},
zero=0.000000
z[47]=43.422300	
{0.718750, 43.422300},
zero=0.000000
z[48]=41.651566	
{0.734375, 41.651566},
zero=0.000000
z[49]=39.839052	
{0.750000, 39.839052},
zero=0.000000
z[50]=37.984989	
{0.765625, 37.984989},
zero=0.000000
z[51]=36.089767	
{0.781250, 36.089767},
zero=0.000000
z[52]=34.154046	
{0.796875, 34.154046},
zero=0.000000
z[53]=32.178980	
{0.812500, 32.178980},
zero=0.000000
z[54]=30.166638	
{0.828125, 30.166638},
zero=0.000000
z[55]=28.120865	
{0.843750, 28.120865},
zero=0.000000
z[56]=26.049009	
{0.859375, 26.049009},
zero=0.000000
z[57]=23.965501	
{0.875000, 23.965501},
zero=0.000000
z[58]=21.899240	
{0.890625, 21.899240},
zero=0.000000
z[59]=19.909000	
{0.906250, 19.909000},
zero=0.000000
z[60]=18.116995	
{0.921875, 18.116995},
zero=0.000000
z[61]=16.793768	
{0.937500, 16.793768},
zero=0.000000
z[62]=16.695373	
{0.953125, 16.695373},
zero=0.000000
m=-1.000000	R0=9.000000
result=16.695373	radius=62
