z[1]=38.568146	
{0, 38.568146},
zero=0.000000
z[5]=38.516338	
{0.062500, 38.516338},
zero=0.000000
z[5]=38.516338	
{0.062500, 38.516338},
zero=0.000000
z[6]=38.501324	
{0.078125, 38.501324},
zero=0.000000
z[7]=38.480762	
{0.093750, 38.480762},
zero=0.000000
z[8]=38.451735	
{0.109375, 38.451735},
zero=0.000000
z[9]=38.411961	
{0.125000, 38.411961},
zero=0.000000
z[10]=38.359686	
{0.140625, 38.359686},
zero=0.000000
z[11]=38.293573	
{0.156250, 38.293573},
zero=0.000000
z[12]=38.212614	
{0.171875, 38.212614},
zero=0.000000
z[13]=38.116045	
{0.187500, 38.116045},
zero=0.000000
z[14]=38.003291	
{0.203125, 38.003291},
zero=0.000000
z[15]=37.873911	
{0.218750, 37.873911},
zero=0.000000
z[16]=37.727565	
{0.234375, 37.727565},
zero=0.000000
z[17]=37.563987	
{0.250000, 37.563987},
zero=0.000000
z[18]=37.382967	
{0.265625, 37.382967},
zero=0.000000
z[19]=37.184335	
{0.281250, 37.184335},
zero=0.000000
z[20]=36.967952	
{0.296875, 36.967952},
zero=0.000000
z[21]=36.733704	
{0.312500, 36.733704},
zero=0.000000
z[22]=36.481494	
{0.328125, 36.481494},
zero=0.000000
z[23]=36.211242	
{0.343750, 36.211242},
zero=0.000000
z[24]=35.922877	
{0.359375, 35.922877},
zero=0.000000
z[25]=35.616339	
{0.375000, 35.616339},
zero=0.000000
z[26]=35.291578	
{0.390625, 35.291578},
zero=0.000000
z[27]=34.948549	
{0.406250, 34.948549},
zero=0.000000
z[28]=34.587213	
{0.421875, 34.587213},
zero=0.000000
z[29]=34.207536	
{0.437500, 34.207536},
zero=0.000000
z[30]=33.809491	
{0.453125, 33.809491},
zero=0.000000
z[31]=33.393055	
{0.468750, 33.393055},
zero=0.000000
z[32]=32.958209	
{0.484375, 32.958209},
zero=0.000000
z[33]=32.504941	
{0.500000, 32.504941},
zero=0.000000
z[34]=32.033243	
{0.515625, 32.033243},
zero=0.000000
z[35]=31.543116	
{0.531250, 31.543116},
zero=0.000000
z[36]=31.034570	
{0.546875, 31.034570},
zero=0.000000
z[37]=30.507624	
{0.562500, 30.507624},
zero=0.000000
z[38]=29.962312	
{0.578125, 29.962312},
zero=0.000000
z[39]=29.398689	
{0.593750, 29.398689},
zero=0.000000
z[40]=28.816831	
{0.609375, 28.816831},
zero=0.000000
z[41]=28.216851	
{0.625000, 28.216851},
zero=0.000000
z[42]=27.598905	
{0.640625, 27.598905},
zero=0.000000
z[43]=26.963209	
{0.656250, 26.963209},
zero=0.000000
z[44]=26.310060	
{0.671875, 26.310060},
zero=0.000000
z[45]=25.639868	
{0.687500, 25.639868},
zero=0.000000
z[46]=24.953190	
{0.703125, 24.953190},
zero=0.000000
z[47]=24.250792	
{0.718750, 24.250792},
zero=0.000000
z[48]=23.533720	
{0.734375, 23.533720},
zero=0.000000
z[49]=22.803409	
{0.750000, 22.803409},
zero=0.000000
z[50]=22.061832	
{0.765625, 22.061832},
zero=0.000000
z[51]=21.311710	
{0.781250, 21.311710},
zero=0.000000
z[52]=20.556815	
{0.796875, 20.556815},
zero=0.000000
z[53]=19.802408	
{0.812500, 19.802408},
zero=0.000000
z[54]=19.055870	
{0.828125, 19.055870},
zero=0.000000
z[55]=18.327647	
{0.843750, 18.327647},
zero=0.000000
z[56]=17.632654	
{0.859375, 17.632654},
zero=0.000000
z[57]=16.992444	
{0.875000, 16.992444},
zero=0.000000
z[58]=16.438722	
{0.890625, 16.438722},
zero=0.000000
z[59]=16.019578	
{0.906250, 16.019578},
zero=0.000000
z[60]=15.812815	
{0.921875, 15.812815},
zero=0.000000
z[61]=15.964961	
{0.937500, 15.964961},
zero=0.000000
z[62]=16.890534	
{0.953125, 16.890534},
zero=0.000000
m=-1.000000	R0=6.000000
result=15.812815	radius=60
