z[1]=65.214668	
{0, 65.214668},
zero=0.000000
z[3]=64.757478	
{0.031250, 64.757478},
zero=0.000000
z[3]=64.757478	
{0.031250, 64.757478},
zero=0.000000
z[4]=64.507136	
{0.046875, 64.507136},
zero=0.000000
z[5]=64.260029	
{0.062500, 64.260029},
zero=0.000000
z[6]=64.010001	
{0.078125, 64.010001},
zero=0.000000
z[7]=63.752499	
{0.093750, 63.752499},
zero=0.000000
z[8]=63.484190	
{0.109375, 63.484190},
zero=0.000000
z[9]=63.202609	
{0.125000, 63.202609},
zero=0.000000
z[10]=62.905919	
{0.140625, 62.905919},
zero=0.000000
z[11]=62.592745	
{0.156250, 62.592745},
zero=0.000000
z[12]=62.262056	
{0.171875, 62.262056},
zero=0.000000
z[13]=61.913068	
{0.187500, 61.913068},
zero=0.000000
z[14]=61.545184	
{0.203125, 61.545184},
zero=0.000000
z[15]=61.157943	
{0.218750, 61.157943},
zero=0.000000
z[16]=60.750983	
{0.234375, 60.750983},
zero=0.000000
z[17]=60.324019	
{0.250000, 60.324019},
zero=0.000000
z[18]=59.876819	
{0.265625, 59.876819},
zero=0.000000
z[19]=59.409197	
{0.281250, 59.409197},
zero=0.000000
z[20]=58.920997	
{0.296875, 58.920997},
zero=0.000000
z[21]=58.412091	
{0.312500, 58.412091},
zero=0.000000
z[22]=57.882370	
{0.328125, 57.882370},
zero=0.000000
z[23]=57.331740	
{0.343750, 57.331740},
zero=0.000000
z[24]=56.760123	
{0.359375, 56.760123},
zero=0.000000
z[25]=56.167450	
{0.375000, 56.167450},
zero=0.000000
z[26]=55.553663	
{0.390625, 55.553663},
zero=0.000000
z[27]=54.918709	
{0.406250, 54.918709},
zero=0.000000
z[28]=54.262546	
{0.421875, 54.262546},
zero=0.000000
z[29]=53.585136	
{0.437500, 53.585136},
zero=0.000000
z[30]=52.886448	
{0.453125, 52.886448},
zero=0.000000
z[31]=52.166459	
{0.468750, 52.166459},
zero=0.000000
z[32]=51.425151	
{0.484375, 51.425151},
zero=0.000000
z[33]=50.662515	
{0.500000, 50.662515},
zero=0.000000
z[34]=49.878550	
{0.515625, 49.878550},
zero=0.000000
z[35]=49.073268	
{0.531250, 49.073268},
zero=0.000000
z[36]=48.246695	
{0.546875, 48.246695},
zero=0.000000
z[37]=47.398876	
{0.562500, 47.398876},
zero=0.000000
z[38]=46.529881	
{0.578125, 46.529881},
zero=0.000000
z[39]=45.639814	
{0.593750, 45.639814},
zero=0.000000
z[40]=44.728822	
{0.609375, 44.728822},
zero=0.000000
z[41]=43.797114	
{0.625000, 43.797114},
zero=0.000000
z[42]=42.844981	
{0.640625, 42.844981},
zero=0.000000
z[43]=41.872825	
{0.656250, 41.872825},
zero=0.000000
z[44]=40.881199	
{0.671875, 40.881199},
zero=0.000000
z[45]=39.870860	
{0.687500, 39.870860},
zero=0.000000
z[46]=38.842843	
{0.703125, 38.842843},
zero=0.000000
z[47]=37.798562	
{0.718750, 37.798562},
zero=0.000000
z[48]=36.739939	
{0.734375, 36.739939},
zero=0.000000
z[49]=35.669588	
{0.750000, 35.669588},
zero=0.000000
z[50]=34.591059	
{0.765625, 34.591059},
zero=0.000000
z[51]=33.509166	
{0.781250, 33.509166},
zero=0.000000
z[52]=32.430421	
{0.796875, 32.430421},
zero=0.000000
z[53]=31.363627	
{0.812500, 31.363627},
zero=0.000000
z[54]=30.320663	
{0.828125, 30.320663},
zero=0.000000
z[55]=29.317534	
{0.843750, 29.317534},
zero=0.000000
z[56]=28.375799	
{0.859375, 28.375799},
zero=0.000000
z[57]=27.524522	
{0.875000, 27.524522},
zero=0.000000
z[58]=26.803075	
{0.890625, 26.803075},
zero=0.000000
z[59]=26.265472	
{0.906250, 26.265472},
zero=0.000000
z[60]=25.988088	
{0.921875, 25.988088},
zero=0.000000
z[61]=26.086734	
{0.937500, 26.086734},
zero=0.000000
z[62]=26.767538	
{0.953125, 26.767538},
zero=0.000000
z[63]=28.565467	
{0.968750, 28.565467},
zero=0.000000
m=1.000000	R0=6.200000
result=25.988088	radius=60
