z[1]=20.983857	
{0, 20.983857},
zero=0.000000
z[3]=20.985290	
{0.031250, 20.985290},
zero=0.000000
z[3]=20.985290	
{0.031250, 20.985290},
zero=0.000000
z[4]=21.003236	
{0.046875, 21.003236},
zero=0.000000
z[5]=21.028668	
{0.062500, 21.028668},
zero=0.000000
z[6]=21.058941	
{0.078125, 21.058941},
zero=0.000000
z[7]=21.092033	
{0.093750, 21.092033},
zero=0.000000
z[8]=21.126395	
{0.109375, 21.126395},
zero=0.000000
z[9]=21.160794	
{0.125000, 21.160794},
zero=0.000000
z[10]=21.194225	
{0.140625, 21.194225},
zero=0.000000
z[11]=21.225856	
{0.156250, 21.225856},
zero=0.000000
z[12]=21.254996	
{0.171875, 21.254996},
zero=0.000000
z[13]=21.281066	
{0.187500, 21.281066},
zero=0.000000
z[14]=21.303584	
{0.203125, 21.303584},
zero=0.000000
z[15]=21.322147	
{0.218750, 21.322147},
zero=0.000000
z[16]=21.336419	
{0.234375, 21.336419},
zero=0.000000
z[17]=21.346123	
{0.250000, 21.346123},
zero=0.000000
z[18]=21.351027	
{0.265625, 21.351027},
zero=0.000000
z[19]=21.350942	
{0.281250, 21.350942},
zero=0.000000
z[20]=21.345711	
{0.296875, 21.345711},
zero=0.000000
z[21]=21.335205	
{0.312500, 21.335205},
zero=0.000000
z[22]=21.319320	
{0.328125, 21.319320},
zero=0.000000
z[23]=21.297974	
{0.343750, 21.297974},
zero=0.000000
z[24]=21.271102	
{0.359375, 21.271102},
zero=0.000000
z[25]=21.238655	
{0.375000, 21.238655},
zero=0.000000
z[26]=21.200602	
{0.390625, 21.200602},
zero=0.000000
z[27]=21.156923	
{0.406250, 21.156923},
zero=0.000000
z[28]=21.107614	
{0.421875, 21.107614},
zero=0.000000
z[29]=21.052687	
{0.437500, 21.052687},
zero=0.000000
z[30]=20.992166	
{0.453125, 20.992166},
zero=0.000000
z[31]=20.926094	
{0.468750, 20.926094},
zero=0.000000
z[32]=20.854534	
{0.484375, 20.854534},
zero=0.000000
z[33]=20.777566	
{0.500000, 20.777566},
zero=0.000000
z[34]=20.695298	
{0.515625, 20.695298},
zero=0.000000
z[35]=20.607864	
{0.531250, 20.607864},
zero=0.000000
z[36]=20.515430	
{0.546875, 20.515430},
zero=0.000000
z[37]=20.418202	
{0.562500, 20.418202},
zero=0.000000
z[38]=20.316432	
{0.578125, 20.316432},
zero=0.000000
z[39]=20.210424	
{0.593750, 20.210424},
zero=0.000000
z[40]=20.100547	
{0.609375, 20.100547},
zero=0.000000
z[41]=19.987246	
{0.625000, 19.987246},
zero=0.000000
z[42]=19.871055	
{0.640625, 19.871055},
zero=0.000000
z[43]=19.752616	
{0.656250, 19.752616},
zero=0.000000
z[44]=19.632698	
{0.671875, 19.632698},
zero=0.000000
z[45]=19.512224	
{0.687500, 19.512224},
zero=0.000000
z[46]=19.392295	
{0.703125, 19.392295},
zero=0.000000
z[47]=19.274229	
{0.718750, 19.274229},
zero=0.000000
z[48]=19.159601	
{0.734375, 19.159601},
zero=0.000000
z[49]=19.050294	
{0.750000, 19.050294},
zero=0.000000
z[50]=18.948558	
{0.765625, 18.948558},
zero=0.000000
z[51]=18.857088	
{0.781250, 18.857088},
zero=0.000000
z[52]=18.779120	
{0.796875, 18.779120},
zero=0.000000
z[53]=18.718548	
{0.812500, 18.718548},
zero=0.000000
z[54]=18.680092	
{0.828125, 18.680092},
zero=0.000000
z[55]=18.669522	
{0.843750, 18.669522},
zero=0.000000
z[56]=18.693986	
{0.859375, 18.693986},
zero=0.000000
z[57]=18.762530	
{0.875000, 18.762530},
zero=0.000000
z[58]=18.886964	
{0.890625, 18.886964},
zero=0.000000
z[59]=19.083445	
{0.906250, 19.083445},
zero=0.000000
z[60]=19.375711	
{0.921875, 19.375711},
zero=0.000000
z[61]=19.802636	
{0.937500, 19.802636},
zero=0.000000
z[62]=20.440180	
{0.953125, 20.440180},
zero=0.000000
z[63]=21.495822	
{0.968750, 21.495822},
zero=0.000000
m=-1.000000	R0=3.500000
result=18.669522	radius=55
