z[1]=24.557718	
{0, 24.557718},
zero=0.000000
z[3]=24.541918	
{0.062500, 24.541918},
zero=0.000000
z[3]=24.541918	
{0.062500, 24.541918},
zero=0.000000
z[4]=24.547309	
{0.093750, 24.547309},
zero=0.000000
z[5]=24.545052	
{0.125000, 24.545052},
zero=0.000000
z[6]=24.524313	
{0.156250, 24.524313},
zero=0.000000
z[7]=24.477547	
{0.187500, 24.477547},
zero=0.000000
z[8]=24.399775	
{0.218750, 24.399775},
zero=0.000000
z[9]=24.287761	
{0.250000, 24.287761},
zero=0.000000
z[10]=24.139396	
{0.281250, 24.139396},
zero=0.000000
z[11]=23.953292	
{0.312500, 23.953292},
zero=0.000000
z[12]=23.728516	
{0.343750, 23.728516},
zero=0.000000
z[13]=23.464439	
{0.375000, 23.464439},
zero=0.000000
z[14]=23.160645	
{0.406250, 23.160645},
zero=0.000000
z[15]=22.816885	
{0.437500, 22.816885},
zero=0.000000
z[16]=22.433071	
{0.468750, 22.433071},
zero=0.000000
z[17]=22.009290	
{0.500000, 22.009290},
zero=0.000000
z[18]=21.545853	
{0.531250, 21.545853},
zero=0.000000
z[19]=21.043393	
{0.562500, 21.043393},
zero=0.000000
z[20]=20.503014	
{0.593750, 20.503014},
zero=0.000000
z[21]=19.926545	
{0.625000, 19.926545},
zero=0.000000
z[22]=19.316932	
{0.656250, 19.316932},
zero=0.000000
z[23]=18.678866	
{0.687500, 18.678866},
zero=0.000000
z[24]=18.019776	
{0.718750, 18.019776},
zero=0.000000
z[25]=17.351402	
{0.750000, 17.351402},
zero=0.000000
z[26]=16.692349	
{0.781250, 16.692349},
zero=0.000000
z[27]=16.072311	
{0.812500, 16.072311},
zero=0.000000
z[28]=15.539477	
{0.843750, 15.539477},
zero=0.000000
z[29]=15.174922	
{0.875000, 15.174922},
zero=0.000000
z[30]=15.127391	
{0.906250, 15.127391},
zero=0.000000
z[31]=15.746973	
{0.937500, 15.746973},
zero=0.000000
m=-1.000000	R0=4.500000
result=15.127391	radius=30
