z[1]=98.122670	
{0, 98.122670},
zero=0.000000
z[3]=98.033611	
{0.062500, 98.033611},
zero=0.000000
z[3]=98.033611	
{0.062500, 98.033611},
zero=0.000000
z[4]=97.817137	
{0.093750, 97.817137},
zero=0.000000
z[5]=97.439279	
{0.125000, 97.439279},
zero=0.000000
z[6]=96.877584	
{0.156250, 96.877584},
zero=0.000000
z[7]=96.121586	
{0.187500, 96.121586},
zero=0.000000
z[8]=95.166268	
{0.218750, 95.166268},
zero=0.000000
z[9]=94.008891	
{0.250000, 94.008891},
zero=0.000000
z[10]=92.647774	
{0.281250, 92.647774},
zero=0.000000
z[11]=91.081792	
{0.312500, 91.081792},
zero=0.000000
z[12]=89.310151	
{0.343750, 89.310151},
zero=0.000000
z[13]=87.332265	
{0.375000, 87.332265},
zero=0.000000
z[14]=85.147689	
{0.406250, 85.147689},
zero=0.000000
z[15]=82.756079	
{0.437500, 82.756079},
zero=0.000000
z[16]=80.157159	
{0.468750, 80.157159},
zero=0.000000
z[17]=77.350708	
{0.500000, 77.350708},
zero=0.000000
z[18]=74.336542	
{0.531250, 74.336542},
zero=0.000000
z[19]=71.114510	
{0.562500, 71.114510},
zero=0.000000
z[20]=67.684481	
{0.593750, 67.684481},
zero=0.000000
z[21]=64.046337	
{0.625000, 64.046337},
zero=0.000000
z[22]=60.199963	
{0.656250, 60.199963},
zero=0.000000
z[23]=56.145230	
{0.687500, 56.145230},
zero=0.000000
z[24]=51.881961	
{0.718750, 51.881961},
zero=0.000000
z[25]=47.409904	
{0.750000, 47.409904},
zero=0.000000
z[26]=42.728789	
{0.781250, 42.728789},
zero=0.000000
z[27]=37.839094	
{0.812500, 37.839094},
zero=0.000000
z[28]=32.746533	
{0.843750, 32.746533},
zero=0.000000
z[29]=27.483870	
{0.875000, 27.483870},
zero=0.000000
z[30]=22.206665	
{0.906250, 22.206665},
zero=0.000000
z[31]=17.659519	
{0.937500, 17.659519},
zero=0.000000
m=-1.000000	R0=10.000000
result=17.659519	radius=31
