z[1]=17.173431	
{0, 17.173431},
zero=0.000000
z[3]=17.168244	
{0.062500, 17.168244},
zero=0.000000
z[3]=17.168244	
{0.062500, 17.168244},
zero=0.000000
z[4]=17.186460	
{0.093750, 17.186460},
zero=0.000000
z[5]=17.207406	
{0.125000, 17.207406},
zero=0.000000
z[6]=17.223635	
{0.156250, 17.223635},
zero=0.000000
z[7]=17.229571	
{0.187500, 17.229571},
zero=0.000000
z[8]=17.221203	
{0.218750, 17.221203},
zero=0.000000
z[9]=17.195682	
{0.250000, 17.195682},
zero=0.000000
z[10]=17.151010	
{0.281250, 17.151010},
zero=0.000000
z[11]=17.085807	
{0.312500, 17.085807},
zero=0.000000
z[12]=16.999145	
{0.343750, 16.999145},
zero=0.000000
z[13]=16.890428	
{0.375000, 16.890428},
zero=0.000000
z[14]=16.759328	
{0.406250, 16.759328},
zero=0.000000
z[15]=16.605752	
{0.437500, 16.605752},
zero=0.000000
z[16]=16.429841	
{0.468750, 16.429841},
zero=0.000000
z[17]=16.232006	
{0.500000, 16.232006},
zero=0.000000
z[18]=16.012990	
{0.531250, 16.012990},
zero=0.000000
z[19]=15.773980	
{0.562500, 15.773980},
zero=0.000000
z[20]=15.516766	
{0.593750, 15.516766},
zero=0.000000
z[21]=15.243986	
{0.625000, 15.243986},
zero=0.000000
z[22]=14.959466	
{0.656250, 14.959466},
zero=0.000000
z[23]=14.668719	
{0.687500, 14.668719},
zero=0.000000
z[24]=14.379666	
{0.718750, 14.379666},
zero=0.000000
z[25]=14.103684	
{0.750000, 14.103684},
zero=0.000000
z[26]=13.857192	
{0.781250, 13.857192},
zero=0.000000
z[27]=13.664149	
{0.812500, 13.664149},
zero=0.000000
z[28]=13.560363	
{0.843750, 13.560363},
zero=0.000000
z[29]=13.602173	
{0.875000, 13.602173},
zero=0.000000
z[30]=13.889220	
{0.906250, 13.889220},
zero=0.000000
z[31]=14.659220	
{0.937500, 14.659220},
zero=0.000000
m=-1.000000	R0=3.500000
result=13.560363	radius=28
