z[1]=8.753750	
{0, 8.753750},
zero=0.000000
z[3]=8.748441	
{0.062500, 8.748441},
zero=0.000000
z[3]=8.748441	
{0.062500, 8.748441},
zero=0.000000
z[4]=8.766390	
{0.093750, 8.766390},
zero=0.000000
z[5]=8.792000	
{0.125000, 8.792000},
zero=0.000000
z[6]=8.822459	
{0.156250, 8.822459},
zero=0.000000
z[7]=8.855498	
{0.187500, 8.855498},
zero=0.000000
z[8]=8.889405	
{0.218750, 8.889405},
zero=0.000000
z[9]=8.922879	
{0.250000, 8.922879},
zero=0.000000
z[10]=8.954943	
{0.281250, 8.954943},
zero=0.000000
z[11]=8.984893	
{0.312500, 8.984893},
zero=0.000000
z[12]=9.012269	
{0.343750, 9.012269},
zero=0.000000
z[13]=9.036840	
{0.375000, 9.036840},
zero=0.000000
z[14]=9.058594	
{0.406250, 9.058594},
zero=0.000000
z[15]=9.077742	
{0.437500, 9.077742},
zero=0.000000
z[16]=9.094727	
{0.468750, 9.094727},
zero=0.000000
z[17]=9.110244	
{0.500000, 9.110244},
zero=0.000000
z[18]=9.125270	
{0.531250, 9.125270},
zero=0.000000
z[19]=9.141108	
{0.562500, 9.141108},
zero=0.000000
z[20]=9.159441	
{0.593750, 9.159441},
zero=0.000000
z[21]=9.182416	
{0.625000, 9.182416},
zero=0.000000
z[22]=9.212743	
{0.656250, 9.212743},
zero=0.000000
z[23]=9.253846	
{0.687500, 9.253846},
zero=0.000000
z[24]=9.310065	
{0.718750, 9.310065},
zero=0.000000
z[25]=9.386975	
{0.750000, 9.386975},
zero=0.000000
z[26]=9.491902	
{0.781250, 9.491902},
zero=0.000000
z[27]=9.634854	
{0.812500, 9.634854},
zero=0.000000
z[28]=9.830405	
{0.843750, 9.830405},
zero=0.000000
z[29]=10.102156	
{0.875000, 10.102156},
zero=0.000000
z[30]=10.495934	
{0.906250, 10.495934},
zero=0.000000
z[31]=11.137478	
{0.937500, 11.137478},
zero=0.000000
m=-1.000000	R0=2.000000
result=8.748441	radius=3
