z[1]=28.530446	
{0, 28.530446},
zero=0.000000
z[3]=28.500342	
{0.062500, 28.500342},
zero=0.000000
z[3]=28.500342	
{0.062500, 28.500342},
zero=0.000000
z[4]=28.492325	
{0.093750, 28.492325},
zero=0.000000
z[5]=28.469025	
{0.125000, 28.469025},
zero=0.000000
z[6]=28.418175	
{0.156250, 28.418175},
zero=0.000000
z[7]=28.331488	
{0.187500, 28.331488},
zero=0.000000
z[8]=28.203722	
{0.218750, 28.203722},
zero=0.000000
z[9]=28.031592	
{0.250000, 28.031592},
zero=0.000000
z[10]=27.813016	
{0.281250, 27.813016},
zero=0.000000
z[11]=27.546641	
{0.312500, 27.546641},
zero=0.000000
z[12]=27.231557	
{0.343750, 27.231557},
zero=0.000000
z[13]=26.867135	
{0.375000, 26.867135},
zero=0.000000
z[14]=26.452938	
{0.406250, 26.452938},
zero=0.000000
z[15]=25.988675	
{0.437500, 25.988675},
zero=0.000000
z[16]=25.474182	
{0.468750, 25.474182},
zero=0.000000
z[17]=24.909428	
{0.500000, 24.909428},
zero=0.000000
z[18]=24.294558	
{0.531250, 24.294558},
zero=0.000000
z[19]=23.629956	
{0.562500, 23.629956},
zero=0.000000
z[20]=22.916381	
{0.593750, 22.916381},
zero=0.000000
z[21]=22.155182	
{0.625000, 22.155182},
zero=0.000000
z[22]=21.348664	
{0.656250, 21.348664},
zero=0.000000
z[23]=20.500695	
{0.687500, 20.500695},
zero=0.000000
z[24]=19.617721	
{0.718750, 19.617721},
zero=0.000000
z[25]=18.710464	
{0.750000, 18.710464},
zero=0.000000
z[26]=17.796829	
{0.781250, 17.796829},
zero=0.000000
z[27]=16.906972	
{0.812500, 16.906972},
zero=0.000000
z[28]=16.092567	
{0.843750, 16.092567},
zero=0.000000
z[29]=15.445362	
{0.875000, 15.445362},
zero=0.000000
z[30]=15.142339	
{0.906250, 15.142339},
zero=0.000000
z[31]=15.617673	
{0.937500, 15.617673},
zero=0.000000
m=-1.000000	R0=5.000000
result=15.142339	radius=30
