z[1]=50.590580	
{0, 50.590580},
zero=0.000000
z[3]=50.533171	
{0.062500, 50.533171},
zero=0.000000
z[3]=50.533171	
{0.062500, 50.533171},
zero=0.000000
z[4]=50.464897	
{0.093750, 50.464897},
zero=0.000000
z[5]=50.338127	
{0.125000, 50.338127},
zero=0.000000
z[6]=50.134980	
{0.156250, 50.134980},
zero=0.000000
z[7]=49.845307	
{0.187500, 49.845307},
zero=0.000000
z[8]=49.463608	
{0.218750, 49.463608},
zero=0.000000
z[9]=48.986785	
{0.250000, 48.986785},
zero=0.000000
z[10]=48.412975	
{0.281250, 48.412975},
zero=0.000000
z[11]=47.740970	
{0.312500, 47.740970},
zero=0.000000
z[12]=46.969941	
{0.343750, 46.969941},
zero=0.000000
z[13]=46.099286	
{0.375000, 46.099286},
zero=0.000000
z[14]=45.128558	
{0.406250, 45.128558},
zero=0.000000
z[15]=44.057414	
{0.437500, 44.057414},
zero=0.000000
z[16]=42.885589	
{0.468750, 42.885589},
zero=0.000000
z[17]=41.612884	
{0.500000, 41.612884},
zero=0.000000
z[18]=40.239165	
{0.531250, 40.239165},
zero=0.000000
z[19]=38.764370	
{0.562500, 38.764370},
zero=0.000000
z[20]=37.188550	
{0.593750, 37.188550},
zero=0.000000
z[21]=35.511949	
{0.625000, 35.511949},
zero=0.000000
z[22]=33.735159	
{0.656250, 33.735159},
zero=0.000000
z[23]=31.859451	
{0.687500, 31.859451},
zero=0.000000
z[24]=29.887424	
{0.718750, 29.887424},
zero=0.000000
z[25]=27.824317	
{0.750000, 27.824317},
zero=0.000000
z[26]=25.680741	
{0.781250, 25.680741},
zero=0.000000
z[27]=23.478499	
{0.812500, 23.478499},
zero=0.000000
z[28]=21.263513	
{0.843750, 21.263513},
zero=0.000000
z[29]=19.136117	
{0.875000, 19.136117},
zero=0.000000
z[30]=17.331611	
{0.906250, 17.331611},
zero=0.000000
z[31]=16.528698	
{0.937500, 16.528698},
zero=0.000000
m=-1.000000	R0=7.000000
result=16.528698	radius=31
