z[1]=33.725200	
{0, 33.725200},
zero=0.000000
z[3]=33.696068	
{0.062500, 33.696068},
zero=0.000000
z[3]=33.696068	
{0.062500, 33.696068},
zero=0.000000
z[4]=33.679696	
{0.093750, 33.679696},
zero=0.000000
z[5]=33.639520	
{0.125000, 33.639520},
zero=0.000000
z[6]=33.561475	
{0.156250, 33.561475},
zero=0.000000
z[7]=33.436579	
{0.187500, 33.436579},
zero=0.000000
z[8]=33.259413	
{0.218750, 33.259413},
zero=0.000000
z[9]=33.026707	
{0.250000, 33.026707},
zero=0.000000
z[10]=32.736435	
{0.281250, 32.736435},
zero=0.000000
z[11]=32.387290	
{0.312500, 32.387290},
zero=0.000000
z[12]=31.978390	
{0.343750, 31.978390},
zero=0.000000
z[13]=31.509115	
{0.375000, 31.509115},
zero=0.000000
z[14]=30.979023	
{0.406250, 30.979023},
zero=0.000000
z[15]=30.387798	
{0.437500, 30.387798},
zero=0.000000
z[16]=29.735234	
{0.468750, 29.735234},
zero=0.000000
z[17]=29.021235	
{0.500000, 29.021235},
zero=0.000000
z[18]=28.245838	
{0.531250, 28.245838},
zero=0.000000
z[19]=27.409269	
{0.562500, 27.409269},
zero=0.000000
z[20]=26.512053	
{0.593750, 26.512053},
zero=0.000000
z[21]=25.555204	
{0.625000, 25.555204},
zero=0.000000
z[22]=24.540557	
{0.656250, 24.540557},
zero=0.000000
z[23]=23.471347	
{0.687500, 23.471347},
zero=0.000000
z[24]=22.353220	
{0.718750, 22.353220},
zero=0.000000
z[25]=21.195988	
{0.750000, 21.195988},
zero=0.000000
z[26]=20.016750	
{0.781250, 20.016750},
zero=0.000000
z[27]=18.845518	
{0.812500, 18.845518},
zero=0.000000
z[28]=17.735762	
{0.843750, 17.735762},
zero=0.000000
z[29]=16.785770	
{0.875000, 16.785770},
zero=0.000000
z[30]=16.190004	
{0.906250, 16.190004},
zero=0.000000
z[31]=16.424592	
{0.937500, 16.424592},
zero=0.000000
m=-1.000000	R0=5.500000
result=16.190004	radius=30
