z[1]=20.254149	
{0, 20.254149},
zero=0.000000
z[3]=20.235045	
{0.062500, 20.235045},
zero=0.000000
z[3]=20.235045	
{0.062500, 20.235045},
zero=0.000000
z[4]=20.243902	
{0.093750, 20.243902},
zero=0.000000
z[5]=20.250654	
{0.125000, 20.250654},
zero=0.000000
z[6]=20.246416	
{0.156250, 20.246416},
zero=0.000000
z[7]=20.224648	
{0.187500, 20.224648},
zero=0.000000
z[8]=20.180818	
{0.218750, 20.180818},
zero=0.000000
z[9]=20.111834	
{0.250000, 20.111834},
zero=0.000000
z[10]=20.015608	
{0.281250, 20.015608},
zero=0.000000
z[11]=19.890731	
{0.312500, 19.890731},
zero=0.000000
z[12]=19.736256	
{0.343750, 19.736256},
zero=0.000000
z[13]=19.551558	
{0.375000, 19.551558},
zero=0.000000
z[14]=19.336249	
{0.406250, 19.336249},
zero=0.000000
z[15]=19.090141	
{0.437500, 19.090141},
zero=0.000000
z[16]=18.813238	
{0.468750, 18.813238},
zero=0.000000
z[17]=18.505764	
{0.500000, 18.505764},
zero=0.000000
z[18]=18.168219	
{0.531250, 18.168219},
zero=0.000000
z[19]=17.801485	
{0.562500, 17.801485},
zero=0.000000
z[20]=17.406989	
{0.593750, 17.406989},
zero=0.000000
z[21]=16.986957	
{0.625000, 16.986957},
zero=0.000000
z[22]=16.544798	
{0.656250, 16.544798},
zero=0.000000
z[23]=16.085685	
{0.687500, 16.085685},
zero=0.000000
z[24]=15.617437	
{0.718750, 15.617437},
zero=0.000000
z[25]=15.151881	
{0.750000, 15.151881},
zero=0.000000
z[26]=14.706966	
{0.781250, 14.706966},
zero=0.000000
z[27]=14.310211	
{0.812500, 14.310211},
zero=0.000000
z[28]=14.004685	
{0.843750, 14.004685},
zero=0.000000
z[29]=13.860866	
{0.875000, 13.860866},
zero=0.000000
z[30]=14.006891	
{0.906250, 14.006891},
zero=0.000000
z[31]=14.754456	
{0.937500, 14.754456},
zero=0.000000
m=-1.000000	R0=4.000000
result=13.860866	radius=29
