z[1]=11.471592	
{0, 11.471592},
zero=0.000000
z[3]=11.474124	
{0.062500, 11.474124},
zero=0.000000
z[3]=11.474124	
{0.062500, 11.474124},
zero=0.000000
z[4]=11.497030	
{0.093750, 11.497030},
zero=0.000000
z[5]=11.527500	
{0.125000, 11.527500},
zero=0.000000
z[6]=11.561149	
{0.156250, 11.561149},
zero=0.000000
z[7]=11.594600	
{0.187500, 11.594600},
zero=0.000000
z[8]=11.625307	
{0.218750, 11.625307},
zero=0.000000
z[9]=11.651340	
{0.250000, 11.651340},
zero=0.000000
z[10]=11.671256	
{0.281250, 11.671256},
zero=0.000000
z[11]=11.684012	
{0.312500, 11.684012},
zero=0.000000
z[12]=11.688904	
{0.343750, 11.688904},
zero=0.000000
z[13]=11.685528	
{0.375000, 11.685528},
zero=0.000000
z[14]=11.673750	
{0.406250, 11.673750},
zero=0.000000
z[15]=11.653704	
{0.437500, 11.653704},
zero=0.000000
z[16]=11.625798	
{0.468750, 11.625798},
zero=0.000000
z[17]=11.590742	
{0.500000, 11.590742},
zero=0.000000
z[18]=11.549601	
{0.531250, 11.549601},
zero=0.000000
z[19]=11.503861	
{0.562500, 11.503861},
zero=0.000000
z[20]=11.455532	
{0.593750, 11.455532},
zero=0.000000
z[21]=11.407283	
{0.625000, 11.407283},
zero=0.000000
z[22]=11.362623	
{0.656250, 11.362623},
zero=0.000000
z[23]=11.326148	
{0.687500, 11.326148},
zero=0.000000
z[24]=11.303875	
{0.718750, 11.303875},
zero=0.000000
z[25]=11.303726	
{0.750000, 11.303726},
zero=0.000000
z[26]=11.336267	
{0.781250, 11.336267},
zero=0.000000
z[27]=11.415932	
{0.812500, 11.415932},
zero=0.000000
z[28]=11.563355	
{0.843750, 11.563355},
zero=0.000000
z[29]=11.810585	
{0.875000, 11.810585},
zero=0.000000
z[30]=12.215933	
{0.906250, 12.215933},
zero=0.000000
z[31]=12.926526	
{0.937500, 12.926526},
zero=0.000000
m=-1.000000	R0=2.500000
result=11.303726	radius=25
