z[1]=41.700881	
{0, 41.700881},
zero=0.000000
z[3]=41.668043	
{0.062500, 41.668043},
zero=0.000000
z[3]=41.668043	
{0.062500, 41.668043},
zero=0.000000
z[4]=41.636305	
{0.093750, 41.636305},
zero=0.000000
z[5]=41.566566	
{0.125000, 41.566566},
zero=0.000000
z[6]=41.442199	
{0.156250, 41.442199},
zero=0.000000
z[7]=41.252367	
{0.187500, 41.252367},
zero=0.000000
z[8]=40.990358	
{0.218750, 40.990358},
zero=0.000000
z[9]=40.652001	
{0.250000, 40.652001},
zero=0.000000
z[10]=40.234639	
{0.281250, 40.234639},
zero=0.000000
z[11]=39.736524	
{0.312500, 39.736524},
zero=0.000000
z[12]=39.156456	
{0.343750, 39.156456},
zero=0.000000
z[13]=38.493581	
{0.375000, 38.493581},
zero=0.000000
z[14]=37.747278	
{0.406250, 37.747278},
zero=0.000000
z[15]=36.917086	
{0.437500, 36.917086},
zero=0.000000
z[16]=36.002680	
{0.468750, 36.002680},
zero=0.000000
z[17]=35.003855	
{0.500000, 35.003855},
zero=0.000000
z[18]=33.920550	
{0.531250, 33.920550},
zero=0.000000
z[19]=32.752895	
{0.562500, 32.752895},
zero=0.000000
z[20]=31.501326	
{0.593750, 31.501326},
zero=0.000000
z[21]=30.166788	
{0.625000, 30.166788},
zero=0.000000
z[22]=28.751115	
{0.656250, 28.751115},
zero=0.000000
z[23]=27.257712	
{0.687500, 27.257712},
zero=0.000000
z[24]=25.692790	
{0.718750, 25.692790},
zero=0.000000
z[25]=24.067621	
{0.750000, 24.067621},
zero=0.000000
z[26]=22.402691	
{0.781250, 22.402691},
zero=0.000000
z[27]=20.735517	
{0.812500, 20.735517},
zero=0.000000
z[28]=19.135820	
{0.843750, 19.135820},
zero=0.000000
z[29]=17.737015	
{0.875000, 17.737015},
zero=0.000000
z[30]=16.812224	
{0.906250, 16.812224},
zero=0.000000
z[31]=17.041966	
{0.937500, 17.041966},
zero=0.000000
m=-1.000000	R0=6.000000
result=16.812224	radius=30
