z[1]=38.623183	
{0, 38.623183},
zero=0.000000
z[3]=38.579964	
{0.062500, 38.579964},
zero=0.000000
z[3]=38.579964	
{0.062500, 38.579964},
zero=0.000000
z[4]=38.546169	
{0.093750, 38.546169},
zero=0.000000
z[5]=38.478209	
{0.125000, 38.478209},
zero=0.000000
z[6]=38.360751	
{0.156250, 38.360751},
zero=0.000000
z[7]=38.184324	
{0.187500, 38.184324},
zero=0.000000
z[8]=37.943425	
{0.218750, 37.943425},
zero=0.000000
z[9]=37.634821	
{0.250000, 37.634821},
zero=0.000000
z[10]=37.256538	
{0.281250, 37.256538},
zero=0.000000
z[11]=36.807308	
{0.312500, 36.807308},
zero=0.000000
z[12]=36.286266	
{0.343750, 36.286266},
zero=0.000000
z[13]=35.692801	
{0.375000, 35.692801},
zero=0.000000
z[14]=35.026464	
{0.406250, 35.026464},
zero=0.000000
z[15]=34.286924	
{0.437500, 34.286924},
zero=0.000000
z[16]=33.473943	
{0.468750, 33.473943},
zero=0.000000
z[17]=32.587371	
{0.500000, 32.587371},
zero=0.000000
z[18]=31.627158	
{0.531250, 31.627158},
zero=0.000000
z[19]=30.593389	
{0.562500, 30.593389},
zero=0.000000
z[20]=29.486365	
{0.593750, 29.486365},
zero=0.000000
z[21]=28.306748	
{0.625000, 28.306748},
zero=0.000000
z[22]=27.055827	
{0.656250, 27.055827},
zero=0.000000
z[23]=25.736017	
{0.687500, 25.736017},
zero=0.000000
z[24]=24.351749	
{0.718750, 24.351749},
zero=0.000000
z[25]=22.911134	
{0.750000, 22.911134},
zero=0.000000
z[26]=21.429071	
{0.781250, 21.429071},
zero=0.000000
z[27]=19.933220	
{0.812500, 19.933220},
zero=0.000000
z[28]=18.475895	
{0.843750, 18.475895},
zero=0.000000
z[29]=17.159429	
{0.875000, 17.159429},
zero=0.000000
z[30]=16.199558	
{0.906250, 16.199558},
zero=0.000000
z[31]=16.159142	
{0.937500, 16.159142},
zero=0.000000
m=-1.000000	R0=6.000000
result=16.159142	radius=31
